# 2023-03-14 11:31:46
#
# U_MIN=-2.000000   U_MAX=-1.000000

-4.0180730723e+00 -3.8980175816e+00 -3.5525431897e+00 -3.0240554251e+00 -2.3779637075e+00 -1.6959777567e+00 -1.0700052403e+00 -6.0320147925e-01 -3.9932334535e-01 -3.8067205596e-01 -3.9932334535e-01 -6.0320147925e-01 -1.0700052403e+00 -1.6959777567e+00 -2.3779637075e+00 -3.0240554251e+00 -3.5525431897e+00 -3.8980175816e+00
-3.8980175816e+00 -3.7779977183e+00 -3.4326472203e+00 -2.9044398055e+00 -2.2589869739e+00 -1.5786727240e+00 -9.5824298447e-01 -5.1529212357e-01 -3.8067205596e-01 -3.9932334535e-01 -3.8067205596e-01 -5.1529212357e-01 -9.5824298447e-01 -1.5786727240e+00 -2.2589869739e+00 -2.9044398055e+00 -3.4326472203e+00 -3.7779977183e+00
-3.5525431897e+00 -3.4326472203e+00 -3.0877332520e+00 -2.5605439543e+00 -1.9175505470e+00 -1.2444454811e+00 -6.5423986201e-01 -3.8067205596e-01 -5.1529212357e-01 -6.0320147925e-01 -5.1529212357e-01 -3.8067205596e-01 -6.5423986201e-01 -1.2444454811e+00 -1.9175505470e+00 -2.5605439543e+00 -3.0877332520e+00 -3.4326472203e+00
-3.0240554251e+00 -2.9044398055e+00 -2.5605439543e+00 -2.0359055023e+00 -1.4000423862e+00 -7.5560125857e-01 -3.8067205596e-01 -6.5423986201e-01 -9.5824298447e-01 -1.0700052403e+00 -9.5824298447e-01 -6.5423986201e-01 -3.8067205596e-01 -7.5560125857e-01 -1.4000423862e+00 -2.0359055023e+00 -2.5605439543e+00 -2.9044398055e+00
-2.3779637075e+00 -2.2589869739e+00 -1.9175505470e+00 -1.4000423862e+00 -7.9206707286e-01 -3.8067205596e-01 -7.5560125857e-01 -1.2444454811e+00 -1.5786727240e+00 -1.6959777567e+00 -1.5786727240e+00 -1.2444454811e+00 -7.5560125857e-01 -3.8067205596e-01 -7.9206707286e-01 -1.4000423862e+00 -1.9175505470e+00 -2.2589869739e+00
-1.6959777567e+00 -1.5786727240e+00 -1.2444454811e+00 -7.5560125857e-01 -3.8067205596e-01 -7.9206707286e-01 -1.4000423862e+00 -1.9175505470e+00 -2.2589869739e+00 -2.3779637075e+00 -2.2589869739e+00 -1.9175505470e+00 -1.4000423862e+00 -7.9206707286e-01 -3.8067205596e-01 -7.5560125857e-01 -1.2444454811e+00 -1.5786727240e+00
-1.0700052403e+00 -9.5824298447e-01 -6.5423986201e-01 -3.8067205596e-01 -7.5560125857e-01 -1.4000423862e+00 -2.0359055023e+00 -2.5605439543e+00 -2.9044398055e+00 -3.0240554251e+00 -2.9044398055e+00 -2.5605439543e+00 -2.0359055023e+00 -1.4000423862e+00 -7.5560125857e-01 -3.8067205596e-01 -6.5423986201e-01 -9.5824298447e-01
-6.0320147925e-01 -5.1529212357e-01 -3.8067205596e-01 -6.5423986201e-01 -1.2444454811e+00 -1.9175505470e+00 -2.5605439543e+00 -3.0877332520e+00 -3.4326472203e+00 -3.5525431897e+00 -3.4326472203e+00 -3.0877332520e+00 -2.5605439543e+00 -1.9175505470e+00 -1.2444454811e+00 -6.5423986201e-01 -3.8067205596e-01 -5.1529212357e-01
-3.9932334535e-01 -3.8067205596e-01 -5.1529212357e-01 -9.5824298447e-01 -1.5786727240e+00 -2.2589869739e+00 -2.9044398055e+00 -3.4326472203e+00 -3.7779977183e+00 -3.8980175816e+00 -3.7779977183e+00 -3.4326472203e+00 -2.9044398055e+00 -2.2589869739e+00 -1.5786727240e+00 -9.5824298447e-01 -5.1529212357e-01 -3.8067205596e-01
-3.8067205596e-01 -3.9932334535e-01 -6.0320147925e-01 -1.0700052403e+00 -1.6959777567e+00 -2.3779637075e+00 -3.0240554251e+00 -3.5525431897e+00 -3.8980175816e+00 -4.0180730723e+00 -3.8980175816e+00 -3.5525431897e+00 -3.0240554251e+00 -2.3779637075e+00 -1.6959777567e+00 -1.0700052403e+00 -6.0320147925e-01 -3.9932334535e-01
-3.9932334535e-01 -3.8067205596e-01 -5.1529212357e-01 -9.5824298447e-01 -1.5786727240e+00 -2.2589869739e+00 -2.9044398055e+00 -3.4326472203e+00 -3.7779977183e+00 -3.8980175816e+00 -3.7779977183e+00 -3.4326472203e+00 -2.9044398055e+00 -2.2589869739e+00 -1.5786727240e+00 -9.5824298447e-01 -5.1529212357e-01 -3.8067205596e-01
-6.0320147925e-01 -5.1529212357e-01 -3.8067205596e-01 -6.5423986201e-01 -1.2444454811e+00 -1.9175505470e+00 -2.5605439543e+00 -3.0877332520e+00 -3.4326472203e+00 -3.5525431897e+00 -3.4326472203e+00 -3.0877332520e+00 -2.5605439543e+00 -1.9175505470e+00 -1.2444454811e+00 -6.5423986201e-01 -3.8067205596e-01 -5.1529212357e-01
-1.0700052403e+00 -9.5824298447e-01 -6.5423986201e-01 -3.8067205596e-01 -7.5560125857e-01 -1.4000423862e+00 -2.0359055023e+00 -2.5605439543e+00 -2.9044398055e+00 -3.0240554251e+00 -2.9044398055e+00 -2.5605439543e+00 -2.0359055023e+00 -1.4000423862e+00 -7.5560125857e-01 -3.8067205596e-01 -6.5423986201e-01 -9.5824298447e-01
-1.6959777567e+00 -1.5786727240e+00 -1.2444454811e+00 -7.5560125857e-01 -3.8067205596e-01 -7.9206707286e-01 -1.4000423862e+00 -1.9175505470e+00 -2.2589869739e+00 -2.3779637075e+00 -2.2589869739e+00 -1.9175505470e+00 -1.4000423862e+00 -7.9206707286e-01 -3.8067205596e-01 -7.5560125857e-01 -1.2444454811e+00 -1.5786727240e+00
-2.3779637075e+00 -2.2589869739e+00 -1.9175505470e+00 -1.4000423862e+00 -7.9206707286e-01 -3.8067205596e-01 -7.5560125857e-01 -1.2444454811e+00 -1.5786727240e+00 -1.6959777567e+00 -1.5786727240e+00 -1.2444454811e+00 -7.5560125857e-01 -3.8067205596e-01 -7.9206707286e-01 -1.4000423862e+00 -1.9175505470e+00 -2.2589869739e+00
-3.0240554251e+00 -2.9044398055e+00 -2.5605439543e+00 -2.0359055023e+00 -1.4000423862e+00 -7.5560125857e-01 -3.8067205596e-01 -6.5423986201e-01 -9.5824298447e-01 -1.0700052403e+00 -9.5824298447e-01 -6.5423986201e-01 -3.8067205596e-01 -7.5560125857e-01 -1.4000423862e+00 -2.0359055023e+00 -2.5605439543e+00 -2.9044398055e+00
-3.5525431897e+00 -3.4326472203e+00 -3.0877332520e+00 -2.5605439543e+00 -1.9175505470e+00 -1.2444454811e+00 -6.5423986201e-01 -3.8067205596e-01 -5.1529212357e-01 -6.0320147925e-01 -5.1529212357e-01 -3.8067205596e-01 -6.5423986201e-01 -1.2444454811e+00 -1.9175505470e+00 -2.5605439543e+00 -3.0877332520e+00 -3.4326472203e+00
-3.8980175816e+00 -3.7779977183e+00 -3.4326472203e+00 -2.9044398055e+00 -2.2589869739e+00 -1.5786727240e+00 -9.5824298447e-01 -5.1529212357e-01 -3.8067205596e-01 -3.9932334535e-01 -3.8067205596e-01 -5.1529212357e-01 -9.5824298447e-01 -1.5786727240e+00 -2.2589869739e+00 -2.9044398055e+00 -3.4326472203e+00 -3.7779977183e+00
4.0180730723e+00 3.8980175816e+00 3.5525431897e+00 3.0240554251e+00 2.3779637075e+00 1.6959777567e+00 1.0700052403e+00 6.0320147925e-01 3.9932334535e-01 3.8067205596e-01 3.9932334535e-01 6.0320147925e-01 1.0700052403e+00 1.6959777567e+00 2.3779637075e+00 3.0240554251e+00 3.5525431897e+00 3.8980175816e+00
3.8980175816e+00 3.7779977183e+00 3.4326472203e+00 2.9044398055e+00 2.2589869739e+00 1.5786727240e+00 9.5824298447e-01 5.1529212357e-01 3.8067205596e-01 3.9932334535e-01 3.8067205596e-01 5.1529212357e-01 9.5824298447e-01 1.5786727240e+00 2.2589869739e+00 2.9044398055e+00 3.4326472203e+00 3.7779977183e+00
3.5525431897e+00 3.4326472203e+00 3.0877332520e+00 2.5605439543e+00 1.9175505470e+00 1.2444454811e+00 6.5423986201e-01 3.8067205596e-01 5.1529212357e-01 6.0320147925e-01 5.1529212357e-01 3.8067205596e-01 6.5423986201e-01 1.2444454811e+00 1.9175505470e+00 2.5605439543e+00 3.0877332520e+00 3.4326472203e+00
3.0240554251e+00 2.9044398055e+00 2.5605439543e+00 2.0359055023e+00 1.4000423862e+00 7.5560125857e-01 3.8067205596e-01 6.5423986201e-01 9.5824298447e-01 1.0700052403e+00 9.5824298447e-01 6.5423986201e-01 3.8067205596e-01 7.5560125857e-01 1.4000423862e+00 2.0359055023e+00 2.5605439543e+00 2.9044398055e+00
2.3779637075e+00 2.2589869739e+00 1.9175505470e+00 1.4000423862e+00 7.9206707286e-01 3.8067205596e-01 7.5560125857e-01 1.2444454811e+00 1.5786727240e+00 1.6959777567e+00 1.5786727240e+00 1.2444454811e+00 7.5560125857e-01 3.8067205596e-01 7.9206707286e-01 1.4000423862e+00 1.9175505470e+00 2.2589869739e+00
1.6959777567e+00 1.5786727240e+00 1.2444454811e+00 7.5560125857e-01 3.8067205596e-01 7.9206707286e-01 1.4000423862e+00 1.9175505470e+00 2.2589869739e+00 2.3779637075e+00 2.2589869739e+00 1.9175505470e+00 1.4000423862e+00 7.9206707286e-01 3.8067205596e-01 7.5560125857e-01 1.2444454811e+00 1.5786727240e+00
1.0700052403e+00 9.5824298447e-01 6.5423986201e-01 3.8067205596e-01 7.5560125857e-01 1.4000423862e+00 2.0359055023e+00 2.5605439543e+00 2.9044398055e+00 3.0240554251e+00 2.9044398055e+00 2.5605439543e+00 2.0359055023e+00 1.4000423862e+00 7.5560125857e-01 3.8067205596e-01 6.5423986201e-01 9.5824298447e-01
6.0320147925e-01 5.1529212357e-01 3.8067205596e-01 6.5423986201e-01 1.2444454811e+00 1.9175505470e+00 2.5605439543e+00 3.0877332520e+00 3.4326472203e+00 3.5525431897e+00 3.4326472203e+00 3.0877332520e+00 2.5605439543e+00 1.9175505470e+00 1.2444454811e+00 6.5423986201e-01 3.8067205596e-01 5.1529212357e-01
3.9932334535e-01 3.8067205596e-01 5.1529212357e-01 9.5824298447e-01 1.5786727240e+00 2.2589869739e+00 2.9044398055e+00 3.4326472203e+00 3.7779977183e+00 3.8980175816e+00 3.7779977183e+00 3.4326472203e+00 2.9044398055e+00 2.2589869739e+00 1.5786727240e+00 9.5824298447e-01 5.1529212357e-01 3.8067205596e-01
3.8067205596e-01 3.9932334535e-01 6.0320147925e-01 1.0700052403e+00 1.6959777567e+00 2.3779637075e+00 3.0240554251e+00 3.5525431897e+00 3.8980175816e+00 4.0180730723e+00 3.8980175816e+00 3.5525431897e+00 3.0240554251e+00 2.3779637075e+00 1.6959777567e+00 1.0700052403e+00 6.0320147925e-01 3.9932334535e-01
3.9932334535e-01 3.8067205596e-01 5.1529212357e-01 9.5824298447e-01 1.5786727240e+00 2.2589869739e+00 2.9044398055e+00 3.4326472203e+00 3.7779977183e+00 3.8980175816e+00 3.7779977183e+00 3.4326472203e+00 2.9044398055e+00 2.2589869739e+00 1.5786727240e+00 9.5824298447e-01 5.1529212357e-01 3.8067205596e-01
6.0320147925e-01 5.1529212357e-01 3.8067205596e-01 6.5423986201e-01 1.2444454811e+00 1.9175505470e+00 2.5605439543e+00 3.0877332520e+00 3.4326472203e+00 3.5525431897e+00 3.4326472203e+00 3.0877332520e+00 2.5605439543e+00 1.9175505470e+00 1.2444454811e+00 6.5423986201e-01 3.8067205596e-01 5.1529212357e-01
1.0700052403e+00 9.5824298447e-01 6.5423986201e-01 3.8067205596e-01 7.5560125857e-01 1.4000423862e+00 2.0359055023e+00 2.5605439543e+00 2.9044398055e+00 3.0240554251e+00 2.9044398055e+00 2.5605439543e+00 2.0359055023e+00 1.4000423862e+00 7.5560125857e-01 3.8067205596e-01 6.5423986201e-01 9.5824298447e-01
1.6959777567e+00 1.5786727240e+00 1.2444454811e+00 7.5560125857e-01 3.8067205596e-01 7.9206707286e-01 1.4000423862e+00 1.9175505470e+00 2.2589869739e+00 2.3779637075e+00 2.2589869739e+00 1.9175505470e+00 1.4000423862e+00 7.9206707286e-01 3.8067205596e-01 7.5560125857e-01 1.2444454811e+00 1.5786727240e+00
2.3779637075e+00 2.2589869739e+00 1.9175505470e+00 1.4000423862e+00 7.9206707286e-01 3.8067205596e-01 7.5560125857e-01 1.2444454811e+00 1.5786727240e+00 1.6959777567e+00 1.5786727240e+00 1.2444454811e+00 7.5560125857e-01 3.8067205596e-01 7.9206707286e-01 1.4000423862e+00 1.9175505470e+00 2.2589869739e+00
3.0240554251e+00 2.9044398055e+00 2.5605439543e+00 2.0359055023e+00 1.4000423862e+00 7.5560125857e-01 3.8067205596e-01 6.5423986201e-01 9.5824298447e-01 1.0700052403e+00 9.5824298447e-01 6.5423986201e-01 3.8067205596e-01 7.5560125857e-01 1.4000423862e+00 2.0359055023e+00 2.5605439543e+00 2.9044398055e+00
3.5525431897e+00 3.4326472203e+00 3.0877332520e+00 2.5605439543e+00 1.9175505470e+00 1.2444454811e+00 6.5423986201e-01 3.8067205596e-01 5.1529212357e-01 6.0320147925e-01 5.1529212357e-01 3.8067205596e-01 6.5423986201e-01 1.2444454811e+00 1.9175505470e+00 2.5605439543e+00 3.0877332520e+00 3.4326472203e+00
3.8980175816e+00 3.7779977183e+00 3.4326472203e+00 2.9044398055e+00 2.2589869739e+00 1.5786727240e+00 9.5824298447e-01 5.1529212357e-01 3.8067205596e-01 3.9932334535e-01 3.8067205596e-01 5.1529212357e-01 9.5824298447e-01 1.5786727240e+00 2.2589869739e+00 2.9044398055e+00 3.4326472203e+00 3.7779977183e+00
