# 2023-03-13 09:33:24
#
# U_MIN=-2.000000   U_MAX=-1.000000

-4.0179124452e+00 -3.9204727440e+00 -3.6378276981e+00 -3.1981038831e+00 -2.6453208470e+00 -2.0355884696e+00 -1.4329865574e+00 -9.0736123479e-01 -5.3806918815e-01 -3.9141062310e-01 -3.7897284531e-01 -3.9141062310e-01 -5.3806918815e-01 -9.0736123479e-01 -1.4329865574e+00 -2.0355884696e+00 -2.6453208470e+00 -3.1981038831e+00 -3.6378276981e+00 -3.9204727440e+00
-3.9204727440e+00 -3.8230558945e+00 -3.5404880270e+00 -3.1009283082e+00 -2.5484821810e+00 -1.9394984935e+00 -1.3388350938e+00 -8.1944155526e-01 -4.7362571788e-01 -3.7897284531e-01 -3.9141062310e-01 -3.7897284531e-01 -4.7362571788e-01 -8.1944155526e-01 -1.3388350938e+00 -1.9394984935e+00 -2.5484821810e+00 -3.1009283082e+00 -3.5404880270e+00 -3.8230558945e+00
-3.6378276981e+00 -3.5404880270e+00 -3.2581829863e+00 -2.8191925232e+00 -2.2679551180e+00 -1.6618226158e+00 -1.0694018971e+00 -5.8257561939e-01 -3.7897284531e-01 -4.7362571788e-01 -5.3806918815e-01 -4.7362571788e-01 -3.7897284531e-01 -5.8257561939e-01 -1.0694018971e+00 -1.6618226158e+00 -2.2679551180e+00 -2.8191925232e+00 -3.2581829863e+00 -3.5404880270e+00
-3.1981038831e+00 -3.1009283082e+00 -2.8191925232e+00 -2.3814878674e+00 -1.8332041610e+00 -1.2351463188e+00 -6.7414196129e-01 -3.7897284531e-01 -5.8257561939e-01 -8.1944155526e-01 -9.0736123479e-01 -8.1944155526e-01 -5.8257561939e-01 -3.7897284531e-01 -6.7414196129e-01 -1.2351463188e+00 -1.8332041610e+00 -2.3814878674e+00 -2.8191925232e+00 -3.1009283082e+00
-2.6453208470e+00 -2.5484821810e+00 -2.2679551180e+00 -1.8332041610e+00 -1.2928590265e+00 -7.2497339864e-01 -3.7897284531e-01 -6.7414196129e-01 -1.0694018971e+00 -1.3388350938e+00 -1.4329865574e+00 -1.3388350938e+00 -1.0694018971e+00 -6.7414196129e-01 -3.7897284531e-01 -7.2497339864e-01 -1.2928590265e+00 -1.8332041610e+00 -2.2679551180e+00 -2.5484821810e+00
-2.0355884696e+00 -1.9394984935e+00 -1.6618226158e+00 -1.2351463188e+00 -7.2497339864e-01 -3.7897284531e-01 -7.2497339864e-01 -1.2351463188e+00 -1.6618226158e+00 -1.9394984935e+00 -2.0355884696e+00 -1.9394984935e+00 -1.6618226158e+00 -1.2351463188e+00 -7.2497339864e-01 -3.7897284531e-01 -7.2497339864e-01 -1.2351463188e+00 -1.6618226158e+00 -1.9394984935e+00
-1.4329865574e+00 -1.3388350938e+00 -1.0694018971e+00 -6.7414196129e-01 -3.7897284531e-01 -7.2497339864e-01 -1.2928590265e+00 -1.8332041610e+00 -2.2679551180e+00 -2.5484821810e+00 -2.6453208470e+00 -2.5484821810e+00 -2.2679551180e+00 -1.8332041610e+00 -1.2928590265e+00 -7.2497339864e-01 -3.7897284531e-01 -6.7414196129e-01 -1.0694018971e+00 -1.3388350938e+00
-9.0736123479e-01 -8.1944155526e-01 -5.8257561939e-01 -3.7897284531e-01 -6.7414196129e-01 -1.2351463188e+00 -1.8332041610e+00 -2.3814878674e+00 -2.8191925232e+00 -3.1009283082e+00 -3.1981038831e+00 -3.1009283082e+00 -2.8191925232e+00 -2.3814878674e+00 -1.8332041610e+00 -1.2351463188e+00 -6.7414196129e-01 -3.7897284531e-01 -5.8257561939e-01 -8.1944155526e-01
-5.3806918815e-01 -4.7362571788e-01 -3.7897284531e-01 -5.8257561939e-01 -1.0694018971e+00 -1.6618226158e+00 -2.2679551180e+00 -2.8191925232e+00 -3.2581829863e+00 -3.5404880270e+00 -3.6378276981e+00 -3.5404880270e+00 -3.2581829863e+00 -2.8191925232e+00 -2.2679551180e+00 -1.6618226158e+00 -1.0694018971e+00 -5.8257561939e-01 -3.7897284531e-01 -4.7362571788e-01
-3.9141062310e-01 -3.7897284531e-01 -4.7362571788e-01 -8.1944155526e-01 -1.3388350938e+00 -1.9394984935e+00 -2.5484821810e+00 -3.1009283082e+00 -3.5404880270e+00 -3.8230558945e+00 -3.9204727440e+00 -3.8230558945e+00 -3.5404880270e+00 -3.1009283082e+00 -2.5484821810e+00 -1.9394984935e+00 -1.3388350938e+00 -8.1944155526e-01 -4.7362571788e-01 -3.7897284531e-01
-3.7897284531e-01 -3.9141062310e-01 -5.3806918815e-01 -9.0736123479e-01 -1.4329865574e+00 -2.0355884696e+00 -2.6453208470e+00 -3.1981038831e+00 -3.6378276981e+00 -3.9204727440e+00 -4.0179124452e+00 -3.9204727440e+00 -3.6378276981e+00 -3.1981038831e+00 -2.6453208470e+00 -2.0355884696e+00 -1.4329865574e+00 -9.0736123479e-01 -5.3806918815e-01 -3.9141062310e-01
-3.9141062310e-01 -3.7897284531e-01 -4.7362571788e-01 -8.1944155526e-01 -1.3388350938e+00 -1.9394984935e+00 -2.5484821810e+00 -3.1009283082e+00 -3.5404880270e+00 -3.8230558945e+00 -3.9204727440e+00 -3.8230558945e+00 -3.5404880270e+00 -3.1009283082e+00 -2.5484821810e+00 -1.9394984935e+00 -1.3388350938e+00 -8.1944155526e-01 -4.7362571788e-01 -3.7897284531e-01
-5.3806918815e-01 -4.7362571788e-01 -3.7897284531e-01 -5.8257561939e-01 -1.0694018971e+00 -1.6618226158e+00 -2.2679551180e+00 -2.8191925232e+00 -3.2581829863e+00 -3.5404880270e+00 -3.6378276981e+00 -3.5404880270e+00 -3.2581829863e+00 -2.8191925232e+00 -2.2679551180e+00 -1.6618226158e+00 -1.0694018971e+00 -5.8257561939e-01 -3.7897284531e-01 -4.7362571788e-01
-9.0736123479e-01 -8.1944155526e-01 -5.8257561939e-01 -3.7897284531e-01 -6.7414196129e-01 -1.2351463188e+00 -1.8332041610e+00 -2.3814878674e+00 -2.8191925232e+00 -3.1009283082e+00 -3.1981038831e+00 -3.1009283082e+00 -2.8191925232e+00 -2.3814878674e+00 -1.8332041610e+00 -1.2351463188e+00 -6.7414196129e-01 -3.7897284531e-01 -5.8257561939e-01 -8.1944155526e-01
-1.4329865574e+00 -1.3388350938e+00 -1.0694018971e+00 -6.7414196129e-01 -3.7897284531e-01 -7.2497339864e-01 -1.2928590265e+00 -1.8332041610e+00 -2.2679551180e+00 -2.5484821810e+00 -2.6453208470e+00 -2.5484821810e+00 -2.2679551180e+00 -1.8332041610e+00 -1.2928590265e+00 -7.2497339864e-01 -3.7897284531e-01 -6.7414196129e-01 -1.0694018971e+00 -1.3388350938e+00
-2.0355884696e+00 -1.9394984935e+00 -1.6618226158e+00 -1.2351463188e+00 -7.2497339864e-01 -3.7897284531e-01 -7.2497339864e-01 -1.2351463188e+00 -1.6618226158e+00 -1.9394984935e+00 -2.0355884696e+00 -1.9394984935e+00 -1.6618226158e+00 -1.2351463188e+00 -7.2497339864e-01 -3.7897284531e-01 -7.2497339864e-01 -1.2351463188e+00 -1.6618226158e+00 -1.9394984935e+00
-2.6453208470e+00 -2.5484821810e+00 -2.2679551180e+00 -1.8332041610e+00 -1.2928590265e+00 -7.2497339864e-01 -3.7897284531e-01 -6.7414196129e-01 -1.0694018971e+00 -1.3388350938e+00 -1.4329865574e+00 -1.3388350938e+00 -1.0694018971e+00 -6.7414196129e-01 -3.7897284531e-01 -7.2497339864e-01 -1.2928590265e+00 -1.8332041610e+00 -2.2679551180e+00 -2.5484821810e+00
-3.1981038831e+00 -3.1009283082e+00 -2.8191925232e+00 -2.3814878674e+00 -1.8332041610e+00 -1.2351463188e+00 -6.7414196129e-01 -3.7897284531e-01 -5.8257561939e-01 -8.1944155526e-01 -9.0736123479e-01 -8.1944155526e-01 -5.8257561939e-01 -3.7897284531e-01 -6.7414196129e-01 -1.2351463188e+00 -1.8332041610e+00 -2.3814878674e+00 -2.8191925232e+00 -3.1009283082e+00
-3.6378276981e+00 -3.5404880270e+00 -3.2581829863e+00 -2.8191925232e+00 -2.2679551180e+00 -1.6618226158e+00 -1.0694018971e+00 -5.8257561939e-01 -3.7897284531e-01 -4.7362571788e-01 -5.3806918815e-01 -4.7362571788e-01 -3.7897284531e-01 -5.8257561939e-01 -1.0694018971e+00 -1.6618226158e+00 -2.2679551180e+00 -2.8191925232e+00 -3.2581829863e+00 -3.5404880270e+00
-3.9204727440e+00 -3.8230558945e+00 -3.5404880270e+00 -3.1009283082e+00 -2.5484821810e+00 -1.9394984935e+00 -1.3388350938e+00 -8.1944155526e-01 -4.7362571788e-01 -3.7897284531e-01 -3.9141062310e-01 -3.7897284531e-01 -4.7362571788e-01 -8.1944155526e-01 -1.3388350938e+00 -1.9394984935e+00 -2.5484821810e+00 -3.1009283082e+00 -3.5404880270e+00 -3.8230558945e+00
4.0179124452e+00 3.9204727440e+00 3.6378276981e+00 3.1981038831e+00 2.6453208470e+00 2.0355884696e+00 1.4329865574e+00 9.0736123479e-01 5.3806918815e-01 3.9141062310e-01 3.7897284531e-01 3.9141062310e-01 5.3806918815e-01 9.0736123479e-01 1.4329865574e+00 2.0355884696e+00 2.6453208470e+00 3.1981038831e+00 3.6378276981e+00 3.9204727440e+00
3.9204727440e+00 3.8230558945e+00 3.5404880270e+00 3.1009283082e+00 2.5484821810e+00 1.9394984935e+00 1.3388350938e+00 8.1944155526e-01 4.7362571788e-01 3.7897284531e-01 3.9141062310e-01 3.7897284531e-01 4.7362571788e-01 8.1944155526e-01 1.3388350938e+00 1.9394984935e+00 2.5484821810e+00 3.1009283082e+00 3.5404880270e+00 3.8230558945e+00
3.6378276981e+00 3.5404880270e+00 3.2581829863e+00 2.8191925232e+00 2.2679551180e+00 1.6618226158e+00 1.0694018971e+00 5.8257561939e-01 3.7897284531e-01 4.7362571788e-01 5.3806918815e-01 4.7362571788e-01 3.7897284531e-01 5.8257561939e-01 1.0694018971e+00 1.6618226158e+00 2.2679551180e+00 2.8191925232e+00 3.2581829863e+00 3.5404880270e+00
3.1981038831e+00 3.1009283082e+00 2.8191925232e+00 2.3814878674e+00 1.8332041610e+00 1.2351463188e+00 6.7414196129e-01 3.7897284531e-01 5.8257561939e-01 8.1944155526e-01 9.0736123479e-01 8.1944155526e-01 5.8257561939e-01 3.7897284531e-01 6.7414196129e-01 1.2351463188e+00 1.8332041610e+00 2.3814878674e+00 2.8191925232e+00 3.1009283082e+00
2.6453208470e+00 2.5484821810e+00 2.2679551180e+00 1.8332041610e+00 1.2928590265e+00 7.2497339864e-01 3.7897284531e-01 6.7414196129e-01 1.0694018971e+00 1.3388350938e+00 1.4329865574e+00 1.3388350938e+00 1.0694018971e+00 6.7414196129e-01 3.7897284531e-01 7.2497339864e-01 1.2928590265e+00 1.8332041610e+00 2.2679551180e+00 2.5484821810e+00
2.0355884696e+00 1.9394984935e+00 1.6618226158e+00 1.2351463188e+00 7.2497339864e-01 3.7897284531e-01 7.2497339864e-01 1.2351463188e+00 1.6618226158e+00 1.9394984935e+00 2.0355884696e+00 1.9394984935e+00 1.6618226158e+00 1.2351463188e+00 7.2497339864e-01 3.7897284531e-01 7.2497339864e-01 1.2351463188e+00 1.6618226158e+00 1.9394984935e+00
1.4329865574e+00 1.3388350938e+00 1.0694018971e+00 6.7414196129e-01 3.7897284531e-01 7.2497339864e-01 1.2928590265e+00 1.8332041610e+00 2.2679551180e+00 2.5484821810e+00 2.6453208470e+00 2.5484821810e+00 2.2679551180e+00 1.8332041610e+00 1.2928590265e+00 7.2497339864e-01 3.7897284531e-01 6.7414196129e-01 1.0694018971e+00 1.3388350938e+00
9.0736123479e-01 8.1944155526e-01 5.8257561939e-01 3.7897284531e-01 6.7414196129e-01 1.2351463188e+00 1.8332041610e+00 2.3814878674e+00 2.8191925232e+00 3.1009283082e+00 3.1981038831e+00 3.1009283082e+00 2.8191925232e+00 2.3814878674e+00 1.8332041610e+00 1.2351463188e+00 6.7414196129e-01 3.7897284531e-01 5.8257561939e-01 8.1944155526e-01
5.3806918815e-01 4.7362571788e-01 3.7897284531e-01 5.8257561939e-01 1.0694018971e+00 1.6618226158e+00 2.2679551180e+00 2.8191925232e+00 3.2581829863e+00 3.5404880270e+00 3.6378276981e+00 3.5404880270e+00 3.2581829863e+00 2.8191925232e+00 2.2679551180e+00 1.6618226158e+00 1.0694018971e+00 5.8257561939e-01 3.7897284531e-01 4.7362571788e-01
3.9141062310e-01 3.7897284531e-01 4.7362571788e-01 8.1944155526e-01 1.3388350938e+00 1.9394984935e+00 2.5484821810e+00 3.1009283082e+00 3.5404880270e+00 3.8230558945e+00 3.9204727440e+00 3.8230558945e+00 3.5404880270e+00 3.1009283082e+00 2.5484821810e+00 1.9394984935e+00 1.3388350938e+00 8.1944155526e-01 4.7362571788e-01 3.7897284531e-01
3.7897284531e-01 3.9141062310e-01 5.3806918815e-01 9.0736123479e-01 1.4329865574e+00 2.0355884696e+00 2.6453208470e+00 3.1981038831e+00 3.6378276981e+00 3.9204727440e+00 4.0179124452e+00 3.9204727440e+00 3.6378276981e+00 3.1981038831e+00 2.6453208470e+00 2.0355884696e+00 1.4329865574e+00 9.0736123479e-01 5.3806918815e-01 3.9141062310e-01
3.9141062310e-01 3.7897284531e-01 4.7362571788e-01 8.1944155526e-01 1.3388350938e+00 1.9394984935e+00 2.5484821810e+00 3.1009283082e+00 3.5404880270e+00 3.8230558945e+00 3.9204727440e+00 3.8230558945e+00 3.5404880270e+00 3.1009283082e+00 2.5484821810e+00 1.9394984935e+00 1.3388350938e+00 8.1944155526e-01 4.7362571788e-01 3.7897284531e-01
5.3806918815e-01 4.7362571788e-01 3.7897284531e-01 5.8257561939e-01 1.0694018971e+00 1.6618226158e+00 2.2679551180e+00 2.8191925232e+00 3.2581829863e+00 3.5404880270e+00 3.6378276981e+00 3.5404880270e+00 3.2581829863e+00 2.8191925232e+00 2.2679551180e+00 1.6618226158e+00 1.0694018971e+00 5.8257561939e-01 3.7897284531e-01 4.7362571788e-01
9.0736123479e-01 8.1944155526e-01 5.8257561939e-01 3.7897284531e-01 6.7414196129e-01 1.2351463188e+00 1.8332041610e+00 2.3814878674e+00 2.8191925232e+00 3.1009283082e+00 3.1981038831e+00 3.1009283082e+00 2.8191925232e+00 2.3814878674e+00 1.8332041610e+00 1.2351463188e+00 6.7414196129e-01 3.7897284531e-01 5.8257561939e-01 8.1944155526e-01
1.4329865574e+00 1.3388350938e+00 1.0694018971e+00 6.7414196129e-01 3.7897284531e-01 7.2497339864e-01 1.2928590265e+00 1.8332041610e+00 2.2679551180e+00 2.5484821810e+00 2.6453208470e+00 2.5484821810e+00 2.2679551180e+00 1.8332041610e+00 1.2928590265e+00 7.2497339864e-01 3.7897284531e-01 6.7414196129e-01 1.0694018971e+00 1.3388350938e+00
2.0355884696e+00 1.9394984935e+00 1.6618226158e+00 1.2351463188e+00 7.2497339864e-01 3.7897284531e-01 7.2497339864e-01 1.2351463188e+00 1.6618226158e+00 1.9394984935e+00 2.0355884696e+00 1.9394984935e+00 1.6618226158e+00 1.2351463188e+00 7.2497339864e-01 3.7897284531e-01 7.2497339864e-01 1.2351463188e+00 1.6618226158e+00 1.9394984935e+00
2.6453208470e+00 2.5484821810e+00 2.2679551180e+00 1.8332041610e+00 1.2928590265e+00 7.2497339864e-01 3.7897284531e-01 6.7414196129e-01 1.0694018971e+00 1.3388350938e+00 1.4329865574e+00 1.3388350938e+00 1.0694018971e+00 6.7414196129e-01 3.7897284531e-01 7.2497339864e-01 1.2928590265e+00 1.8332041610e+00 2.2679551180e+00 2.5484821810e+00
3.1981038831e+00 3.1009283082e+00 2.8191925232e+00 2.3814878674e+00 1.8332041610e+00 1.2351463188e+00 6.7414196129e-01 3.7897284531e-01 5.8257561939e-01 8.1944155526e-01 9.0736123479e-01 8.1944155526e-01 5.8257561939e-01 3.7897284531e-01 6.7414196129e-01 1.2351463188e+00 1.8332041610e+00 2.3814878674e+00 2.8191925232e+00 3.1009283082e+00
3.6378276981e+00 3.5404880270e+00 3.2581829863e+00 2.8191925232e+00 2.2679551180e+00 1.6618226158e+00 1.0694018971e+00 5.8257561939e-01 3.7897284531e-01 4.7362571788e-01 5.3806918815e-01 4.7362571788e-01 3.7897284531e-01 5.8257561939e-01 1.0694018971e+00 1.6618226158e+00 2.2679551180e+00 2.8191925232e+00 3.2581829863e+00 3.5404880270e+00
3.9204727440e+00 3.8230558945e+00 3.5404880270e+00 3.1009283082e+00 2.5484821810e+00 1.9394984935e+00 1.3388350938e+00 8.1944155526e-01 4.7362571788e-01 3.7897284531e-01 3.9141062310e-01 3.7897284531e-01 4.7362571788e-01 8.1944155526e-01 1.3388350938e+00 1.9394984935e+00 2.5484821810e+00 3.1009283082e+00 3.5404880270e+00 3.8230558945e+00
