# 2023-03-13 15:17:23
#
# U_MIN=-2.000000   U_MAX=-1.000000

-4.0176410598e+00 -4.0067330894e+00 -3.9741302704e+00 -3.9201946131e+00 -3.8455252644e+00 -3.7509522678e+00 -3.6375279558e+00 -3.5065161080e+00 -3.3593790512e+00 -3.1977629235e+00 -3.0234813850e+00 -2.8384981270e+00 -2.6449086282e+00 -2.4449217363e+00 -2.2408418485e+00 -2.0350527475e+00 -1.8300045840e+00 -1.6282061428e+00 -1.4322254506e+00 -1.2447029075e+00 -1.0683818068e+00 -9.0615874883e-01 -7.6114250162e-01 -6.3666161176e-01 -5.3603891550e-01 -4.6177532946e-01 -4.1392902381e-01 -3.8861490394e-01 -3.7861562909e-01 -3.7624423410e-01 -3.7608467820e-01 -3.7624423410e-01 -3.7861562909e-01 -3.8861490394e-01 -4.1392902381e-01 -4.6177532946e-01 -5.3603891550e-01 -6.3666161176e-01 -7.6114250162e-01 -9.0615874883e-01 -1.0683818068e+00 -1.2447029075e+00 -1.4322254506e+00 -1.6282061428e+00 -1.8300045840e+00 -2.0350527475e+00 -2.2408418485e+00 -2.4449217363e+00 -2.6449086282e+00 -2.8384981270e+00 -3.0234813850e+00 -3.1977629235e+00 -3.3593790512e+00 -3.5065161080e+00 -3.6375279558e+00 -3.7509522678e+00 -3.8455252644e+00 -3.9201946131e+00 -3.9741302704e+00 -4.0067330894e+00
-4.0067330894e+00 -3.9958253830e+00 -3.9632233660e+00 -3.9092890797e+00 -3.8346217258e+00 -3.7400514294e+00 -3.6266306391e+00 -3.4956232944e+00 -3.3484919398e+00 -3.1868830106e+00 -3.0126105736e+00 -2.8276388828e+00 -2.6340642045e+00 -2.4340965063e+00 -2.2300418042e+00 -2.0242862660e+00 -1.8192836288e+00 -1.6175481881e+00 -1.4216566260e+00 -1.2342632201e+00 -1.0581338787e+00 -8.9620224975e-01 -7.5163664694e-01 -6.2785460916e-01 -5.2828776093e-01 -4.5550530027e-01 -4.0947334351e-01 -3.8600083146e-01 -3.7750782147e-01 -3.7608467820e-01 -3.7624423410e-01 -3.7608467820e-01 -3.7750782147e-01 -3.8600083146e-01 -4.0947334351e-01 -4.5550530027e-01 -5.2828776093e-01 -6.2785460916e-01 -7.5163664694e-01 -8.9620224975e-01 -1.0581338787e+00 -1.2342632201e+00 -1.4216566260e+00 -1.6175481881e+00 -1.8192836288e+00 -2.0242862660e+00 -2.2300418042e+00 -2.4340965063e+00 -2.6340642045e+00 -2.8276388828e+00 -3.0126105736e+00 -3.1868830106e+00 -3.3484919398e+00 -3.4956232944e+00 -3.6266306391e+00 -3.7400514294e+00 -3.8346217258e+00 -3.9092890797e+00 -3.9632233660e+00 -3.9958253830e+00
-3.9741302704e+00 -3.9632233660e+00 -3.9306237859e+00 -3.8766936668e+00 -3.8020323767e+00 -3.7074702922e+00 -3.5940602172e+00 -3.4630665820e+00 -3.3159526009e+00 -3.1543656234e+00 -2.9801209713e+00 -2.7951846379e+00 -2.6016553317e+00 -2.4017465015e+00 -2.1977692152e+00 -1.9921171151e+00 -1.7872552349e+00 -1.5857153316e+00 -1.3901017080e+00 -1.2031133011e+00 -1.0275895083e+00 -8.6658567811e-01 -7.2346782681e-01 -6.0195091385e-01 -5.0582638643e-01 -4.3786440067e-01 -3.9765994611e-01 -3.7996762046e-01 -3.7608467820e-01 -3.7750782147e-01 -3.7861562909e-01 -3.7750782147e-01 -3.7608467820e-01 -3.7996762046e-01 -3.9765994611e-01 -4.3786440067e-01 -5.0582638643e-01 -6.0195091385e-01 -7.2346782681e-01 -8.6658567811e-01 -1.0275895083e+00 -1.2031133011e+00 -1.3901017080e+00 -1.5857153316e+00 -1.7872552349e+00 -1.9921171151e+00 -2.1977692152e+00 -2.4017465015e+00 -2.6016553317e+00 -2.7951846379e+00 -2.9801209713e+00 -3.1543656234e+00 -3.3159526009e+00 -3.4630665820e+00 -3.5940602172e+00 -3.7074702922e+00 -3.8020323767e+00 -3.8766936668e+00 -3.9306237859e+00 -3.9632233660e+00
-3.9201946131e+00 -3.9092890797e+00 -3.8766936668e+00 -3.8227706759e+00 -3.7481197646e+00 -3.6535717459e+00 -3.5401800430e+00 -3.4092099424e+00 -3.2621258306e+00 -3.1005766625e+00 -2.9263799718e+00 -2.7415048312e+00 -2.5480542958e+00 -2.3482480503e+00 -2.1444062772e+00 -1.9389362222e+00 -1.7343236905e+00 -1.5331329400e+00 -1.3380204318e+00 -1.1517708898e+00 -9.7736769373e-01 -8.1810985214e-01 -6.7776733467e-01 -5.6066814596e-01 -4.7131792701e-01 -4.1274792011e-01 -3.8349446314e-01 -3.7608467820e-01 -3.7996762046e-01 -3.8600083146e-01 -3.8861490394e-01 -3.8600083146e-01 -3.7996762046e-01 -3.7608467820e-01 -3.8349446314e-01 -4.1274792011e-01 -4.7131792701e-01 -5.6066814596e-01 -6.7776733467e-01 -8.1810985214e-01 -9.7736769373e-01 -1.1517708898e+00 -1.3380204318e+00 -1.5331329400e+00 -1.7343236905e+00 -1.9389362222e+00 -2.1444062772e+00 -2.3482480503e+00 -2.5480542958e+00 -2.7415048312e+00 -2.9263799718e+00 -3.1005766625e+00 -3.2621258306e+00 -3.4092099424e+00 -3.5401800430e+00 -3.6535717459e+00 -3.7481197646e+00 -3.8227706759e+00 -3.8766936668e+00 -3.9092890797e+00
-3.8455252644e+00 -3.8346217258e+00 -3.8020323767e+00 -3.7481197646e+00 -3.6734839779e+00 -3.5789564804e+00 -3.4655916219e+00 -3.3346559735e+00 -3.1876156888e+00 -3.0261221534e+00 -2.8519962708e+00 -2.6672118377e+00 -2.4738786311e+00 -2.2742260724e+00 -2.0705887373e+00 -1.8653956411e+00 -1.6611663595e+00 -1.4605189957e+00 -1.2661983797e+00 -1.0811384663e+00 -9.0858079846e-01 -7.5227556835e-01 -6.1676102608e-01 -5.0752850850e-01 -4.3028418947e-01 -3.8790760143e-01 -3.7608467820e-01 -3.8349446314e-01 -3.9765994611e-01 -4.0947334351e-01 -4.1392902381e-01 -4.0947334351e-01 -3.9765994611e-01 -3.8349446314e-01 -3.7608467820e-01 -3.8790760143e-01 -4.3028418947e-01 -5.0752850850e-01 -6.1676102608e-01 -7.5227556835e-01 -9.0858079846e-01 -1.0811384663e+00 -1.2661983797e+00 -1.4605189957e+00 -1.6611663595e+00 -1.8653956411e+00 -2.0705887373e+00 -2.2742260724e+00 -2.4738786311e+00 -2.6672118377e+00 -2.8519962708e+00 -3.0261221534e+00 -3.1876156888e+00 -3.3346559735e+00 -3.4655916219e+00 -3.5789564804e+00 -3.6734839779e+00 -3.7481197646e+00 -3.8020323767e+00 -3.8346217258e+00
-3.7509522678e+00 -3.7400514294e+00 -3.7074702922e+00 -3.6535717459e+00 -3.5789564804e+00 -3.4844568709e+00 -3.3711285688e+00 -3.2402399590e+00 -3.0932597025e+00 -2.9318426595e+00 -2.7578145877e+00 -2.5731561548e+00 -2.3799870241e+00 -2.1805511271e+00 -1.9772048251e+00 -1.7724106988e+00 -1.5687415488e+00 -1.3689025977e+00 -1.1757861871e+00 -9.9258468053e-01 -8.2300551033e-01 -6.7164723835e-01 -5.4452725385e-01 -4.4926409970e-01 -3.9298793894e-01 -3.7608467820e-01 -3.8790760143e-01 -4.1274792011e-01 -4.3786440067e-01 -4.5550530027e-01 -4.6177532946e-01 -4.5550530027e-01 -4.3786440067e-01 -4.1274792011e-01 -3.8790760143e-01 -3.7608467820e-01 -3.9298793894e-01 -4.4926409970e-01 -5.4452725385e-01 -6.7164723835e-01 -8.2300551033e-01 -9.9258468053e-01 -1.1757861871e+00 -1.3689025977e+00 -1.5687415488e+00 -1.7724106988e+00 -1.9772048251e+00 -2.1805511271e+00 -2.3799870241e+00 -2.5731561548e+00 -2.7578145877e+00 -2.9318426595e+00 -3.0932597025e+00 -3.2402399590e+00 -3.3711285688e+00 -3.4844568709e+00 -3.5789564804e+00 -3.6535717459e+00 -3.7074702922e+00 -3.7400514294e+00
-3.6375279558e+00 -3.6266306391e+00 -3.5940602172e+00 -3.5401800430e+00 -3.4655916219e+00 -3.3711285688e+00 -3.2578483145e+00 -3.1270217372e+00 -2.9801209713e+00 -2.8188057312e+00 -2.6449086282e+00 -2.4604201497e+00 -2.2674742965e+00 -2.0683364060e+00 -1.8653956411e+00 -1.6611663595e+00 -1.4583058825e+00 -1.2596626648e+00 -1.0683818068e+00 -8.8812026739e-01 -7.2346782681e-01 -5.8070097296e-01 -4.6873499057e-01 -3.9849247887e-01 -3.7608467820e-01 -3.9298793894e-01 -4.3028418947e-01 -4.7131792701e-01 -5.0582638643e-01 -5.2828776093e-01 -5.3603891550e-01 -5.2828776093e-01 -5.0582638643e-01 -4.7131792701e-01 -4.3028418947e-01 -3.9298793894e-01 -3.7608467820e-01 -3.9849247887e-01 -4.6873499057e-01 -5.8070097296e-01 -7.2346782681e-01 -8.8812026739e-01 -1.0683818068e+00 -1.2596626648e+00 -1.4583058825e+00 -1.6611663595e+00 -1.8653956411e+00 -2.0683364060e+00 -2.2674742965e+00 -2.4604201497e+00 -2.6449086282e+00 -2.8188057312e+00 -2.9801209713e+00 -3.1270217372e+00 -3.2578483145e+00 -3.3711285688e+00 -3.4655916219e+00 -3.5401800430e+00 -3.5940602172e+00 -3.6266306391e+00
-3.5065161080e+00 -3.4956232944e+00 -3.4630665820e+00 -3.4092099424e+00 -3.3346559735e+00 -3.2402399590e+00 -3.1270217372e+00 -2.9962755867e+00 -2.8494784201e+00 -2.6882967048e+00 -2.5145727099e+00 -2.3303109775e+00 -2.1376664066e+00 -1.9389362222e+00 -1.7365597321e+00 -1.5331329400e+00 -1.3314515078e+00 -1.1346090600e+00 -9.4620694360e-01 -7.7079280350e-01 -6.1474979447e-01 -4.8783816281e-01 -4.0416841007e-01 -3.7608467820e-01 -3.9849247887e-01 -4.4926409970e-01 -5.0752850850e-01 -5.6066814596e-01 -6.0195091385e-01 -6.2785460916e-01 -6.3666161176e-01 -6.2785460916e-01 -6.0195091385e-01 -5.6066814596e-01 -5.0752850850e-01 -4.4926409970e-01 -3.9849247887e-01 -3.7608467820e-01 -4.0416841007e-01 -4.8783816281e-01 -6.1474979447e-01 -7.7079280350e-01 -9.4620694360e-01 -1.1346090600e+00 -1.3314515078e+00 -1.5331329400e+00 -1.7365597321e+00 -1.9389362222e+00 -2.1376664066e+00 -2.3303109775e+00 -2.5145727099e+00 -2.6882967048e+00 -2.8494784201e+00 -2.9962755867e+00 -3.1270217372e+00 -3.2402399590e+00 -3.3346559735e+00 -3.4092099424e+00 -3.4630665820e+00 -3.4956232944e+00
-3.3593790512e+00 -3.3484919398e+00 -3.3159526009e+00 -3.2621258306e+00 -3.1876156888e+00 -3.0932597025e+00 -2.9801209713e+00 -2.8494784201e+00 -2.7028155651e+00 -2.5418083303e+00 -2.3683127294e+00 -2.1843536890e+00 -1.9921171151e+00 -1.7939488424e+00 -1.5923671402e+00 -1.3901017080e+00 -1.1901857019e+00 -9.9615823913e-01 -8.1250657802e-01 -6.4563306378e-01 -5.0582638643e-01 -4.0976572781e-01 -3.7608467820e-01 -4.0416841007e-01 -4.6873499057e-01 -5.4452725385e-01 -6.1676102608e-01 -6.7776733467e-01 -7.2346782681e-01 -7.5163664694e-01 -7.6114250162e-01 -7.5163664694e-01 -7.2346782681e-01 -6.7776733467e-01 -6.1676102608e-01 -5.4452725385e-01 -4.6873499057e-01 -4.0416841007e-01 -3.7608467820e-01 -4.0976572781e-01 -5.0582638643e-01 -6.4563306378e-01 -8.1250657802e-01 -9.9615823913e-01 -1.1901857019e+00 -1.3901017080e+00 -1.5923671402e+00 -1.7939488424e+00 -1.9921171151e+00 -2.1843536890e+00 -2.3683127294e+00 -2.5418083303e+00 -2.7028155651e+00 -2.8494784201e+00 -2.9801209713e+00 -3.0932597025e+00 -3.1876156888e+00 -3.2621258306e+00 -3.3159526009e+00 -3.3484919398e+00
-3.1977629235e+00 -3.1868830106e+00 -3.1543656234e+00 -3.1005766625e+00 -3.0261221534e+00 -2.9318426595e+00 -2.8188057312e+00 -2.6882967048e+00 -2.5418083303e+00 -2.3810299725e+00 -2.2078375632e+00 -2.0242862660e+00 -1.8326092774e+00 -1.6352290929e+00 -1.4347936466e+00 -1.2342632201e+00 -1.0371056753e+00 -8.4773543987e-01 -6.7252260309e-01 -5.2206712286e-01 -4.1504781322e-01 -3.7608467820e-01 -4.0976572781e-01 -4.8783816281e-01 -5.8070097296e-01 -6.7164723835e-01 -7.5227556835e-01 -8.1810985214e-01 -8.6658567811e-01 -8.9620224975e-01 -9.0615874883e-01 -8.9620224975e-01 -8.6658567811e-01 -8.1810985214e-01 -7.5227556835e-01 -6.7164723835e-01 -5.8070097296e-01 -4.8783816281e-01 -4.0976572781e-01 -3.7608467820e-01 -4.1504781322e-01 -5.2206712286e-01 -6.7252260309e-01 -8.4773543987e-01 -1.0371056753e+00 -1.2342632201e+00 -1.4347936466e+00 -1.6352290929e+00 -1.8326092774e+00 -2.0242862660e+00 -2.2078375632e+00 -2.3810299725e+00 -2.5418083303e+00 -2.6882967048e+00 -2.8188057312e+00 -2.9318426595e+00 -3.0261221534e+00 -3.1005766625e+00 -3.1543656234e+00 -3.1868830106e+00
-3.0234813850e+00 -3.0126105736e+00 -2.9801209713e+00 -2.9263799718e+00 -2.8519962708e+00 -2.7578145877e+00 -2.6449086282e+00 -2.5145727099e+00 -2.3683127294e+00 -2.2078375632e+00 -2.0350527475e+00 -1.8520596763e+00 -1.6611663595e+00 -1.4649216816e+00 -1.2661983797e+00 -1.0683818068e+00 -8.7580284918e-01 -6.9476759180e-01 -5.3603891550e-01 -4.1979983344e-01 -3.7608467820e-01 -4.1504781322e-01 -5.0582638643e-01 -6.1474979447e-01 -7.2346782681e-01 -8.2300551033e-01 -9.0858079846e-01 -9.7736769373e-01 -1.0275895083e+00 -1.0581338787e+00 -1.0683818068e+00 -1.0581338787e+00 -1.0275895083e+00 -9.7736769373e-01 -9.0858079846e-01 -8.2300551033e-01 -7.2346782681e-01 -6.1474979447e-01 -5.0582638643e-01 -4.1504781322e-01 -3.7608467820e-01 -4.1979983344e-01 -5.3603891550e-01 -6.9476759180e-01 -8.7580284918e-01 -1.0683818068e+00 -1.2661983797e+00 -1.4649216816e+00 -1.6611663595e+00 -1.8520596763e+00 -2.0350527475e+00 -2.2078375632e+00 -2.3683127294e+00 -2.5145727099e+00 -2.6449086282e+00 -2.7578145877e+00 -2.8519962708e+00 -2.9263799718e+00 -2.9801209713e+00 -3.0126105736e+00
-2.8384981270e+00 -2.8276388828e+00 -2.7951846379e+00 -2.7415048312e+00 -2.6672118377e+00 -2.5731561548e+00 -2.4604201497e+00 -2.3303109775e+00 -2.1843536890e+00 -2.0242862660e+00 -1.8520596763e+00 -1.6698487459e+00 -1.4800853905e+00 -1.2855387908e+00 -1.0894988394e+00 -8.9620224975e-01 -7.1186994665e-01 -5.4732543494e-01 -4.2383511434e-01 -3.7608467820e-01 -4.1979983344e-01 -5.2206712286e-01 -6.4563306378e-01 -7.7079280350e-01 -8.8812026739e-01 -9.9258468053e-01 -1.0811384663e+00 -1.1517708898e+00 -1.2031133011e+00 -1.2342632201e+00 -1.2447029075e+00 -1.2342632201e+00 -1.2031133011e+00 -1.1517708898e+00 -1.0811384663e+00 -9.9258468053e-01 -8.8812026739e-01 -7.7079280350e-01 -6.4563306378e-01 -5.2206712286e-01 -4.1979983344e-01 -3.7608467820e-01 -4.2383511434e-01 -5.4732543494e-01 -7.1186994665e-01 -8.9620224975e-01 -1.0894988394e+00 -1.2855387908e+00 -1.4800853905e+00 -1.6698487459e+00 -1.8520596763e+00 -2.0242862660e+00 -2.1843536890e+00 -2.3303109775e+00 -2.4604201497e+00 -2.5731561548e+00 -2.6672118377e+00 -2.7415048312e+00 -2.7951846379e+00 -2.8276388828e+00
-2.6449086282e+00 -2.6340642045e+00 -2.6016553317e+00 -2.5480542958e+00 -2.4738786311e+00 -2.3799870241e+00 -2.2674742965e+00 -2.1376664066e+00 -1.9921171151e+00 -1.8326092774e+00 -1.6611663595e+00 -1.4800853905e+00 -1.2920153754e+00 -1.1001366949e+00 -9.0858079846e-01 -7.2346782681e-01 -5.5560950549e-01 -4.2699978314e-01 -3.7608467820e-01 -4.2383511434e-01 -5.3603891550e-01 -6.7252260309e-01 -8.1250657802e-01 -9.4620694360e-01 -1.0683818068e+00 -1.1757861871e+00 -1.2661983797e+00 -1.3380204318e+00 -1.3901017080e+00 -1.4216566260e+00 -1.4322254506e+00 -1.4216566260e+00 -1.3901017080e+00 -1.3380204318e+00 -1.2661983797e+00 -1.1757861871e+00 -1.0683818068e+00 -9.4620694360e-01 -8.1250657802e-01 -6.7252260309e-01 -5.3603891550e-01 -4.2383511434e-01 -3.7608467820e-01 -4.2699978314e-01 -5.5560950549e-01 -7.2346782681e-01 -9.0858079846e-01 -1.1001366949e+00 -1.2920153754e+00 -1.4800853905e+00 -1.6611663595e+00 -1.8326092774e+00 -1.9921171151e+00 -2.1376664066e+00 -2.2674742965e+00 -2.3799870241e+00 -2.4738786311e+00 -2.5480542958e+00 -2.6016553317e+00 -2.6340642045e+00
-2.4449217363e+00 -2.4340965063e+00 -2.4017465015e+00 -2.3482480503e+00 -2.2742260724e+00 -2.1805511271e+00 -2.0683364060e+00 -1.9389362222e+00 -1.7939488424e+00 -1.6352290929e+00 -1.4649216816e+00 -1.2855387908e+00 -1.1001366949e+00 -9.1272998419e-01 -7.2932508850e-01 -5.6066814596e-01 -4.2917601532e-01 -3.7608467820e-01 -4.2699978314e-01 -5.4732543494e-01 -6.9476759180e-01 -8.4773543987e-01 -9.9615823913e-01 -1.1346090600e+00 -1.2596626648e+00 -1.3689025977e+00 -1.4605189957e+00 -1.5331329400e+00 -1.5857153316e+00 -1.6175481881e+00 -1.6282061428e+00 -1.6175481881e+00 -1.5857153316e+00 -1.5331329400e+00 -1.4605189957e+00 -1.3689025977e+00 -1.2596626648e+00 -1.1346090600e+00 -9.9615823913e-01 -8.4773543987e-01 -6.9476759180e-01 -5.4732543494e-01 -4.2699978314e-01 -3.7608467820e-01 -4.2917601532e-01 -5.6066814596e-01 -7.2932508850e-01 -9.1272998419e-01 -1.1001366949e+00 -1.2855387908e+00 -1.4649216816e+00 -1.6352290929e+00 -1.7939488424e+00 -1.9389362222e+00 -2.0683364060e+00 -2.1805511271e+00 -2.2742260724e+00 -2.3482480503e+00 -2.4017465015e+00 -2.4340965063e+00
-2.2408418485e+00 -2.2300418042e+00 -2.1977692152e+00 -2.1444062772e+00 -2.0705887373e+00 -1.9772048251e+00 -1.8653956411e+00 -1.7365597321e+00 -1.5923671402e+00 -1.4347936466e+00 -1.2661983797e+00 -1.0894988394e+00 -9.0858079846e-01 -7.2932508850e-01 -5.6236898857e-01 -4.3028418947e-01 -3.7608467820e-01 -4.2917601532e-01 -5.5560950549e-01 -7.1186994665e-01 -8.7580284918e-01 -1.0371056753e+00 -1.1901857019e+00 -1.3314515078e+00 -1.4583058825e+00 -1.5687415488e+00 -1.6611663595e+00 -1.7343236905e+00 -1.7872552349e+00 -1.8192836288e+00 -1.8300045840e+00 -1.8192836288e+00 -1.7872552349e+00 -1.7343236905e+00 -1.6611663595e+00 -1.5687415488e+00 -1.4583058825e+00 -1.3314515078e+00 -1.1901857019e+00 -1.0371056753e+00 -8.7580284918e-01 -7.1186994665e-01 -5.5560950549e-01 -4.2917601532e-01 -3.7608467820e-01 -4.3028418947e-01 -5.6236898857e-01 -7.2932508850e-01 -9.0858079846e-01 -1.0894988394e+00 -1.2661983797e+00 -1.4347936466e+00 -1.5923671402e+00 -1.7365597321e+00 -1.8653956411e+00 -1.9772048251e+00 -2.0705887373e+00 -2.1444062772e+00 -2.1977692152e+00 -2.2300418042e+00
-2.0350527475e+00 -2.0242862660e+00 -1.9921171151e+00 -1.9389362222e+00 -1.8653956411e+00 -1.7724106988e+00 -1.6611663595e+00 -1.5331329400e+00 -1.3901017080e+00 -1.2342632201e+00 -1.0683818068e+00 -8.9620224975e-01 -7.2346782681e-01 -5.6066814596e-01 -4.3028418947e-01 -3.7608467820e-01 -4.3028418947e-01 -5.6066814596e-01 -7.2346782681e-01 -8.9620224975e-01 -1.0683818068e+00 -1.2342632201e+00 -1.3901017080e+00 -1.5331329400e+00 -1.6611663595e+00 -1.7724106988e+00 -1.8653956411e+00 -1.9389362222e+00 -1.9921171151e+00 -2.0242862660e+00 -2.0350527475e+00 -2.0242862660e+00 -1.9921171151e+00 -1.9389362222e+00 -1.8653956411e+00 -1.7724106988e+00 -1.6611663595e+00 -1.5331329400e+00 -1.3901017080e+00 -1.2342632201e+00 -1.0683818068e+00 -8.9620224975e-01 -7.2346782681e-01 -5.6066814596e-01 -4.3028418947e-01 -3.7608467820e-01 -4.3028418947e-01 -5.6066814596e-01 -7.2346782681e-01 -8.9620224975e-01 -1.0683818068e+00 -1.2342632201e+00 -1.3901017080e+00 -1.5331329400e+00 -1.6611663595e+00 -1.7724106988e+00 -1.8653956411e+00 -1.9389362222e+00 -1.9921171151e+00 -2.0242862660e+00
-1.8300045840e+00 -1.8192836288e+00 -1.7872552349e+00 -1.7343236905e+00 -1.6611663595e+00 -1.5687415488e+00 -1.4583058825e+00 -1.3314515078e+00 -1.1901857019e+00 -1.0371056753e+00 -8.7580284918e-01 -7.1186994665e-01 -5.5560950549e-01 -4.2917601532e-01 -3.7608467820e-01 -4.3028418947e-01 -5.6236898857e-01 -7.2932508850e-01 -9.0858079846e-01 -1.0894988394e+00 -1.2661983797e+00 -1.4347936466e+00 -1.5923671402e+00 -1.7365597321e+00 -1.8653956411e+00 -1.9772048251e+00 -2.0705887373e+00 -2.1444062772e+00 -2.1977692152e+00 -2.2300418042e+00 -2.2408418485e+00 -2.2300418042e+00 -2.1977692152e+00 -2.1444062772e+00 -2.0705887373e+00 -1.9772048251e+00 -1.8653956411e+00 -1.7365597321e+00 -1.5923671402e+00 -1.4347936466e+00 -1.2661983797e+00 -1.0894988394e+00 -9.0858079846e-01 -7.2932508850e-01 -5.6236898857e-01 -4.3028418947e-01 -3.7608467820e-01 -4.2917601532e-01 -5.5560950549e-01 -7.1186994665e-01 -8.7580284918e-01 -1.0371056753e+00 -1.1901857019e+00 -1.3314515078e+00 -1.4583058825e+00 -1.5687415488e+00 -1.6611663595e+00 -1.7343236905e+00 -1.7872552349e+00 -1.8192836288e+00
-1.6282061428e+00 -1.6175481881e+00 -1.5857153316e+00 -1.5331329400e+00 -1.4605189957e+00 -1.3689025977e+00 -1.2596626648e+00 -1.1346090600e+00 -9.9615823913e-01 -8.4773543987e-01 -6.9476759180e-01 -5.4732543494e-01 -4.2699978314e-01 -3.7608467820e-01 -4.2917601532e-01 -5.6066814596e-01 -7.2932508850e-01 -9.1272998419e-01 -1.1001366949e+00 -1.2855387908e+00 -1.4649216816e+00 -1.6352290929e+00 -1.7939488424e+00 -1.9389362222e+00 -2.0683364060e+00 -2.1805511271e+00 -2.2742260724e+00 -2.3482480503e+00 -2.4017465015e+00 -2.4340965063e+00 -2.4449217363e+00 -2.4340965063e+00 -2.4017465015e+00 -2.3482480503e+00 -2.2742260724e+00 -2.1805511271e+00 -2.0683364060e+00 -1.9389362222e+00 -1.7939488424e+00 -1.6352290929e+00 -1.4649216816e+00 -1.2855387908e+00 -1.1001366949e+00 -9.1272998419e-01 -7.2932508850e-01 -5.6066814596e-01 -4.2917601532e-01 -3.7608467820e-01 -4.2699978314e-01 -5.4732543494e-01 -6.9476759180e-01 -8.4773543987e-01 -9.9615823913e-01 -1.1346090600e+00 -1.2596626648e+00 -1.3689025977e+00 -1.4605189957e+00 -1.5331329400e+00 -1.5857153316e+00 -1.6175481881e+00
-1.4322254506e+00 -1.4216566260e+00 -1.3901017080e+00 -1.3380204318e+00 -1.2661983797e+00 -1.1757861871e+00 -1.0683818068e+00 -9.4620694360e-01 -8.1250657802e-01 -6.7252260309e-01 -5.3603891550e-01 -4.2383511434e-01 -3.7608467820e-01 -4.2699978314e-01 -5.5560950549e-01 -7.2346782681e-01 -9.0858079846e-01 -1.1001366949e+00 -1.2920153754e+00 -1.4800853905e+00 -1.6611663595e+00 -1.8326092774e+00 -1.9921171151e+00 -2.1376664066e+00 -2.2674742965e+00 -2.3799870241e+00 -2.4738786311e+00 -2.5480542958e+00 -2.6016553317e+00 -2.6340642045e+00 -2.6449086282e+00 -2.6340642045e+00 -2.6016553317e+00 -2.5480542958e+00 -2.4738786311e+00 -2.3799870241e+00 -2.2674742965e+00 -2.1376664066e+00 -1.9921171151e+00 -1.8326092774e+00 -1.6611663595e+00 -1.4800853905e+00 -1.2920153754e+00 -1.1001366949e+00 -9.0858079846e-01 -7.2346782681e-01 -5.5560950549e-01 -4.2699978314e-01 -3.7608467820e-01 -4.2383511434e-01 -5.3603891550e-01 -6.7252260309e-01 -8.1250657802e-01 -9.4620694360e-01 -1.0683818068e+00 -1.1757861871e+00 -1.2661983797e+00 -1.3380204318e+00 -1.3901017080e+00 -1.4216566260e+00
-1.2447029075e+00 -1.2342632201e+00 -1.2031133011e+00 -1.1517708898e+00 -1.0811384663e+00 -9.9258468053e-01 -8.8812026739e-01 -7.7079280350e-01 -6.4563306378e-01 -5.2206712286e-01 -4.1979983344e-01 -3.7608467820e-01 -4.2383511434e-01 -5.4732543494e-01 -7.1186994665e-01 -8.9620224975e-01 -1.0894988394e+00 -1.2855387908e+00 -1.4800853905e+00 -1.6698487459e+00 -1.8520596763e+00 -2.0242862660e+00 -2.1843536890e+00 -2.3303109775e+00 -2.4604201497e+00 -2.5731561548e+00 -2.6672118377e+00 -2.7415048312e+00 -2.7951846379e+00 -2.8276388828e+00 -2.8384981270e+00 -2.8276388828e+00 -2.7951846379e+00 -2.7415048312e+00 -2.6672118377e+00 -2.5731561548e+00 -2.4604201497e+00 -2.3303109775e+00 -2.1843536890e+00 -2.0242862660e+00 -1.8520596763e+00 -1.6698487459e+00 -1.4800853905e+00 -1.2855387908e+00 -1.0894988394e+00 -8.9620224975e-01 -7.1186994665e-01 -5.4732543494e-01 -4.2383511434e-01 -3.7608467820e-01 -4.1979983344e-01 -5.2206712286e-01 -6.4563306378e-01 -7.7079280350e-01 -8.8812026739e-01 -9.9258468053e-01 -1.0811384663e+00 -1.1517708898e+00 -1.2031133011e+00 -1.2342632201e+00
-1.0683818068e+00 -1.0581338787e+00 -1.0275895083e+00 -9.7736769373e-01 -9.0858079846e-01 -8.2300551033e-01 -7.2346782681e-01 -6.1474979447e-01 -5.0582638643e-01 -4.1504781322e-01 -3.7608467820e-01 -4.1979983344e-01 -5.3603891550e-01 -6.9476759180e-01 -8.7580284918e-01 -1.0683818068e+00 -1.2661983797e+00 -1.4649216816e+00 -1.6611663595e+00 -1.8520596763e+00 -2.0350527475e+00 -2.2078375632e+00 -2.3683127294e+00 -2.5145727099e+00 -2.6449086282e+00 -2.7578145877e+00 -2.8519962708e+00 -2.9263799718e+00 -2.9801209713e+00 -3.0126105736e+00 -3.0234813850e+00 -3.0126105736e+00 -2.9801209713e+00 -2.9263799718e+00 -2.8519962708e+00 -2.7578145877e+00 -2.6449086282e+00 -2.5145727099e+00 -2.3683127294e+00 -2.2078375632e+00 -2.0350527475e+00 -1.8520596763e+00 -1.6611663595e+00 -1.4649216816e+00 -1.2661983797e+00 -1.0683818068e+00 -8.7580284918e-01 -6.9476759180e-01 -5.3603891550e-01 -4.1979983344e-01 -3.7608467820e-01 -4.1504781322e-01 -5.0582638643e-01 -6.1474979447e-01 -7.2346782681e-01 -8.2300551033e-01 -9.0858079846e-01 -9.7736769373e-01 -1.0275895083e+00 -1.0581338787e+00
-9.0615874883e-01 -8.9620224975e-01 -8.6658567811e-01 -8.1810985214e-01 -7.5227556835e-01 -6.7164723835e-01 -5.8070097296e-01 -4.8783816281e-01 -4.0976572781e-01 -3.7608467820e-01 -4.1504781322e-01 -5.2206712286e-01 -6.7252260309e-01 -8.4773543987e-01 -1.0371056753e+00 -1.2342632201e+00 -1.4347936466e+00 -1.6352290929e+00 -1.8326092774e+00 -2.0242862660e+00 -2.2078375632e+00 -2.3810299725e+00 -2.5418083303e+00 -2.6882967048e+00 -2.8188057312e+00 -2.9318426595e+00 -3.0261221534e+00 -3.1005766625e+00 -3.1543656234e+00 -3.1868830106e+00 -3.1977629235e+00 -3.1868830106e+00 -3.1543656234e+00 -3.1005766625e+00 -3.0261221534e+00 -2.9318426595e+00 -2.8188057312e+00 -2.6882967048e+00 -2.5418083303e+00 -2.3810299725e+00 -2.2078375632e+00 -2.0242862660e+00 -1.8326092774e+00 -1.6352290929e+00 -1.4347936466e+00 -1.2342632201e+00 -1.0371056753e+00 -8.4773543987e-01 -6.7252260309e-01 -5.2206712286e-01 -4.1504781322e-01 -3.7608467820e-01 -4.0976572781e-01 -4.8783816281e-01 -5.8070097296e-01 -6.7164723835e-01 -7.5227556835e-01 -8.1810985214e-01 -8.6658567811e-01 -8.9620224975e-01
-7.6114250162e-01 -7.5163664694e-01 -7.2346782681e-01 -6.7776733467e-01 -6.1676102608e-01 -5.4452725385e-01 -4.6873499057e-01 -4.0416841007e-01 -3.7608467820e-01 -4.0976572781e-01 -5.0582638643e-01 -6.4563306378e-01 -8.1250657802e-01 -9.9615823913e-01 -1.1901857019e+00 -1.3901017080e+00 -1.5923671402e+00 -1.7939488424e+00 -1.9921171151e+00 -2.1843536890e+00 -2.3683127294e+00 -2.5418083303e+00 -2.7028155651e+00 -2.8494784201e+00 -2.9801209713e+00 -3.0932597025e+00 -3.1876156888e+00 -3.2621258306e+00 -3.3159526009e+00 -3.3484919398e+00 -3.3593790512e+00 -3.3484919398e+00 -3.3159526009e+00 -3.2621258306e+00 -3.1876156888e+00 -3.0932597025e+00 -2.9801209713e+00 -2.8494784201e+00 -2.7028155651e+00 -2.5418083303e+00 -2.3683127294e+00 -2.1843536890e+00 -1.9921171151e+00 -1.7939488424e+00 -1.5923671402e+00 -1.3901017080e+00 -1.1901857019e+00 -9.9615823913e-01 -8.1250657802e-01 -6.4563306378e-01 -5.0582638643e-01 -4.0976572781e-01 -3.7608467820e-01 -4.0416841007e-01 -4.6873499057e-01 -5.4452725385e-01 -6.1676102608e-01 -6.7776733467e-01 -7.2346782681e-01 -7.5163664694e-01
-6.3666161176e-01 -6.2785460916e-01 -6.0195091385e-01 -5.6066814596e-01 -5.0752850850e-01 -4.4926409970e-01 -3.9849247887e-01 -3.7608467820e-01 -4.0416841007e-01 -4.8783816281e-01 -6.1474979447e-01 -7.7079280350e-01 -9.4620694360e-01 -1.1346090600e+00 -1.3314515078e+00 -1.5331329400e+00 -1.7365597321e+00 -1.9389362222e+00 -2.1376664066e+00 -2.3303109775e+00 -2.5145727099e+00 -2.6882967048e+00 -2.8494784201e+00 -2.9962755867e+00 -3.1270217372e+00 -3.2402399590e+00 -3.3346559735e+00 -3.4092099424e+00 -3.4630665820e+00 -3.4956232944e+00 -3.5065161080e+00 -3.4956232944e+00 -3.4630665820e+00 -3.4092099424e+00 -3.3346559735e+00 -3.2402399590e+00 -3.1270217372e+00 -2.9962755867e+00 -2.8494784201e+00 -2.6882967048e+00 -2.5145727099e+00 -2.3303109775e+00 -2.1376664066e+00 -1.9389362222e+00 -1.7365597321e+00 -1.5331329400e+00 -1.3314515078e+00 -1.1346090600e+00 -9.4620694360e-01 -7.7079280350e-01 -6.1474979447e-01 -4.8783816281e-01 -4.0416841007e-01 -3.7608467820e-01 -3.9849247887e-01 -4.4926409970e-01 -5.0752850850e-01 -5.6066814596e-01 -6.0195091385e-01 -6.2785460916e-01
-5.3603891550e-01 -5.2828776093e-01 -5.0582638643e-01 -4.7131792701e-01 -4.3028418947e-01 -3.9298793894e-01 -3.7608467820e-01 -3.9849247887e-01 -4.6873499057e-01 -5.8070097296e-01 -7.2346782681e-01 -8.8812026739e-01 -1.0683818068e+00 -1.2596626648e+00 -1.4583058825e+00 -1.6611663595e+00 -1.8653956411e+00 -2.0683364060e+00 -2.2674742965e+00 -2.4604201497e+00 -2.6449086282e+00 -2.8188057312e+00 -2.9801209713e+00 -3.1270217372e+00 -3.2578483145e+00 -3.3711285688e+00 -3.4655916219e+00 -3.5401800430e+00 -3.5940602172e+00 -3.6266306391e+00 -3.6375279558e+00 -3.6266306391e+00 -3.5940602172e+00 -3.5401800430e+00 -3.4655916219e+00 -3.3711285688e+00 -3.2578483145e+00 -3.1270217372e+00 -2.9801209713e+00 -2.8188057312e+00 -2.6449086282e+00 -2.4604201497e+00 -2.2674742965e+00 -2.0683364060e+00 -1.8653956411e+00 -1.6611663595e+00 -1.4583058825e+00 -1.2596626648e+00 -1.0683818068e+00 -8.8812026739e-01 -7.2346782681e-01 -5.8070097296e-01 -4.6873499057e-01 -3.9849247887e-01 -3.7608467820e-01 -3.9298793894e-01 -4.3028418947e-01 -4.7131792701e-01 -5.0582638643e-01 -5.2828776093e-01
-4.6177532946e-01 -4.5550530027e-01 -4.3786440067e-01 -4.1274792011e-01 -3.8790760143e-01 -3.7608467820e-01 -3.9298793894e-01 -4.4926409970e-01 -5.4452725385e-01 -6.7164723835e-01 -8.2300551033e-01 -9.9258468053e-01 -1.1757861871e+00 -1.3689025977e+00 -1.5687415488e+00 -1.7724106988e+00 -1.9772048251e+00 -2.1805511271e+00 -2.3799870241e+00 -2.5731561548e+00 -2.7578145877e+00 -2.9318426595e+00 -3.0932597025e+00 -3.2402399590e+00 -3.3711285688e+00 -3.4844568709e+00 -3.5789564804e+00 -3.6535717459e+00 -3.7074702922e+00 -3.7400514294e+00 -3.7509522678e+00 -3.7400514294e+00 -3.7074702922e+00 -3.6535717459e+00 -3.5789564804e+00 -3.4844568709e+00 -3.3711285688e+00 -3.2402399590e+00 -3.0932597025e+00 -2.9318426595e+00 -2.7578145877e+00 -2.5731561548e+00 -2.3799870241e+00 -2.1805511271e+00 -1.9772048251e+00 -1.7724106988e+00 -1.5687415488e+00 -1.3689025977e+00 -1.1757861871e+00 -9.9258468053e-01 -8.2300551033e-01 -6.7164723835e-01 -5.4452725385e-01 -4.4926409970e-01 -3.9298793894e-01 -3.7608467820e-01 -3.8790760143e-01 -4.1274792011e-01 -4.3786440067e-01 -4.5550530027e-01
-4.1392902381e-01 -4.0947334351e-01 -3.9765994611e-01 -3.8349446314e-01 -3.7608467820e-01 -3.8790760143e-01 -4.3028418947e-01 -5.0752850850e-01 -6.1676102608e-01 -7.5227556835e-01 -9.0858079846e-01 -1.0811384663e+00 -1.2661983797e+00 -1.4605189957e+00 -1.6611663595e+00 -1.8653956411e+00 -2.0705887373e+00 -2.2742260724e+00 -2.4738786311e+00 -2.6672118377e+00 -2.8519962708e+00 -3.0261221534e+00 -3.1876156888e+00 -3.3346559735e+00 -3.4655916219e+00 -3.5789564804e+00 -3.6734839779e+00 -3.7481197646e+00 -3.8020323767e+00 -3.8346217258e+00 -3.8455252644e+00 -3.8346217258e+00 -3.8020323767e+00 -3.7481197646e+00 -3.6734839779e+00 -3.5789564804e+00 -3.4655916219e+00 -3.3346559735e+00 -3.1876156888e+00 -3.0261221534e+00 -2.8519962708e+00 -2.6672118377e+00 -2.4738786311e+00 -2.2742260724e+00 -2.0705887373e+00 -1.8653956411e+00 -1.6611663595e+00 -1.4605189957e+00 -1.2661983797e+00 -1.0811384663e+00 -9.0858079846e-01 -7.5227556835e-01 -6.1676102608e-01 -5.0752850850e-01 -4.3028418947e-01 -3.8790760143e-01 -3.7608467820e-01 -3.8349446314e-01 -3.9765994611e-01 -4.0947334351e-01
-3.8861490394e-01 -3.8600083146e-01 -3.7996762046e-01 -3.7608467820e-01 -3.8349446314e-01 -4.1274792011e-01 -4.7131792701e-01 -5.6066814596e-01 -6.7776733467e-01 -8.1810985214e-01 -9.7736769373e-01 -1.1517708898e+00 -1.3380204318e+00 -1.5331329400e+00 -1.7343236905e+00 -1.9389362222e+00 -2.1444062772e+00 -2.3482480503e+00 -2.5480542958e+00 -2.7415048312e+00 -2.9263799718e+00 -3.1005766625e+00 -3.2621258306e+00 -3.4092099424e+00 -3.5401800430e+00 -3.6535717459e+00 -3.7481197646e+00 -3.8227706759e+00 -3.8766936668e+00 -3.9092890797e+00 -3.9201946131e+00 -3.9092890797e+00 -3.8766936668e+00 -3.8227706759e+00 -3.7481197646e+00 -3.6535717459e+00 -3.5401800430e+00 -3.4092099424e+00 -3.2621258306e+00 -3.1005766625e+00 -2.9263799718e+00 -2.7415048312e+00 -2.5480542958e+00 -2.3482480503e+00 -2.1444062772e+00 -1.9389362222e+00 -1.7343236905e+00 -1.5331329400e+00 -1.3380204318e+00 -1.1517708898e+00 -9.7736769373e-01 -8.1810985214e-01 -6.7776733467e-01 -5.6066814596e-01 -4.7131792701e-01 -4.1274792011e-01 -3.8349446314e-01 -3.7608467820e-01 -3.7996762046e-01 -3.8600083146e-01
-3.7861562909e-01 -3.7750782147e-01 -3.7608467820e-01 -3.7996762046e-01 -3.9765994611e-01 -4.3786440067e-01 -5.0582638643e-01 -6.0195091385e-01 -7.2346782681e-01 -8.6658567811e-01 -1.0275895083e+00 -1.2031133011e+00 -1.3901017080e+00 -1.5857153316e+00 -1.7872552349e+00 -1.9921171151e+00 -2.1977692152e+00 -2.4017465015e+00 -2.6016553317e+00 -2.7951846379e+00 -2.9801209713e+00 -3.1543656234e+00 -3.3159526009e+00 -3.4630665820e+00 -3.5940602172e+00 -3.7074702922e+00 -3.8020323767e+00 -3.8766936668e+00 -3.9306237859e+00 -3.9632233660e+00 -3.9741302704e+00 -3.9632233660e+00 -3.9306237859e+00 -3.8766936668e+00 -3.8020323767e+00 -3.7074702922e+00 -3.5940602172e+00 -3.4630665820e+00 -3.3159526009e+00 -3.1543656234e+00 -2.9801209713e+00 -2.7951846379e+00 -2.6016553317e+00 -2.4017465015e+00 -2.1977692152e+00 -1.9921171151e+00 -1.7872552349e+00 -1.5857153316e+00 -1.3901017080e+00 -1.2031133011e+00 -1.0275895083e+00 -8.6658567811e-01 -7.2346782681e-01 -6.0195091385e-01 -5.0582638643e-01 -4.3786440067e-01 -3.9765994611e-01 -3.7996762046e-01 -3.7608467820e-01 -3.7750782147e-01
-3.7624423410e-01 -3.7608467820e-01 -3.7750782147e-01 -3.8600083146e-01 -4.0947334351e-01 -4.5550530027e-01 -5.2828776093e-01 -6.2785460916e-01 -7.5163664694e-01 -8.9620224975e-01 -1.0581338787e+00 -1.2342632201e+00 -1.4216566260e+00 -1.6175481881e+00 -1.8192836288e+00 -2.0242862660e+00 -2.2300418042e+00 -2.4340965063e+00 -2.6340642045e+00 -2.8276388828e+00 -3.0126105736e+00 -3.1868830106e+00 -3.3484919398e+00 -3.4956232944e+00 -3.6266306391e+00 -3.7400514294e+00 -3.8346217258e+00 -3.9092890797e+00 -3.9632233660e+00 -3.9958253830e+00 -4.0067330894e+00 -3.9958253830e+00 -3.9632233660e+00 -3.9092890797e+00 -3.8346217258e+00 -3.7400514294e+00 -3.6266306391e+00 -3.4956232944e+00 -3.3484919398e+00 -3.1868830106e+00 -3.0126105736e+00 -2.8276388828e+00 -2.6340642045e+00 -2.4340965063e+00 -2.2300418042e+00 -2.0242862660e+00 -1.8192836288e+00 -1.6175481881e+00 -1.4216566260e+00 -1.2342632201e+00 -1.0581338787e+00 -8.9620224975e-01 -7.5163664694e-01 -6.2785460916e-01 -5.2828776093e-01 -4.5550530027e-01 -4.0947334351e-01 -3.8600083146e-01 -3.7750782147e-01 -3.7608467820e-01
-3.7608467820e-01 -3.7624423410e-01 -3.7861562909e-01 -3.8861490394e-01 -4.1392902381e-01 -4.6177532946e-01 -5.3603891550e-01 -6.3666161176e-01 -7.6114250162e-01 -9.0615874883e-01 -1.0683818068e+00 -1.2447029075e+00 -1.4322254506e+00 -1.6282061428e+00 -1.8300045840e+00 -2.0350527475e+00 -2.2408418485e+00 -2.4449217363e+00 -2.6449086282e+00 -2.8384981270e+00 -3.0234813850e+00 -3.1977629235e+00 -3.3593790512e+00 -3.5065161080e+00 -3.6375279558e+00 -3.7509522678e+00 -3.8455252644e+00 -3.9201946131e+00 -3.9741302704e+00 -4.0067330894e+00 -4.0176410598e+00 -4.0067330894e+00 -3.9741302704e+00 -3.9201946131e+00 -3.8455252644e+00 -3.7509522678e+00 -3.6375279558e+00 -3.5065161080e+00 -3.3593790512e+00 -3.1977629235e+00 -3.0234813850e+00 -2.8384981270e+00 -2.6449086282e+00 -2.4449217363e+00 -2.2408418485e+00 -2.0350527475e+00 -1.8300045840e+00 -1.6282061428e+00 -1.4322254506e+00 -1.2447029075e+00 -1.0683818068e+00 -9.0615874883e-01 -7.6114250162e-01 -6.3666161176e-01 -5.3603891550e-01 -4.6177532946e-01 -4.1392902381e-01 -3.8861490394e-01 -3.7861562909e-01 -3.7624423410e-01
-3.7624423410e-01 -3.7608467820e-01 -3.7750782147e-01 -3.8600083146e-01 -4.0947334351e-01 -4.5550530027e-01 -5.2828776093e-01 -6.2785460916e-01 -7.5163664694e-01 -8.9620224975e-01 -1.0581338787e+00 -1.2342632201e+00 -1.4216566260e+00 -1.6175481881e+00 -1.8192836288e+00 -2.0242862660e+00 -2.2300418042e+00 -2.4340965063e+00 -2.6340642045e+00 -2.8276388828e+00 -3.0126105736e+00 -3.1868830106e+00 -3.3484919398e+00 -3.4956232944e+00 -3.6266306391e+00 -3.7400514294e+00 -3.8346217258e+00 -3.9092890797e+00 -3.9632233660e+00 -3.9958253830e+00 -4.0067330894e+00 -3.9958253830e+00 -3.9632233660e+00 -3.9092890797e+00 -3.8346217258e+00 -3.7400514294e+00 -3.6266306391e+00 -3.4956232944e+00 -3.3484919398e+00 -3.1868830106e+00 -3.0126105736e+00 -2.8276388828e+00 -2.6340642045e+00 -2.4340965063e+00 -2.2300418042e+00 -2.0242862660e+00 -1.8192836288e+00 -1.6175481881e+00 -1.4216566260e+00 -1.2342632201e+00 -1.0581338787e+00 -8.9620224975e-01 -7.5163664694e-01 -6.2785460916e-01 -5.2828776093e-01 -4.5550530027e-01 -4.0947334351e-01 -3.8600083146e-01 -3.7750782147e-01 -3.7608467820e-01
-3.7861562909e-01 -3.7750782147e-01 -3.7608467820e-01 -3.7996762046e-01 -3.9765994611e-01 -4.3786440067e-01 -5.0582638643e-01 -6.0195091385e-01 -7.2346782681e-01 -8.6658567811e-01 -1.0275895083e+00 -1.2031133011e+00 -1.3901017080e+00 -1.5857153316e+00 -1.7872552349e+00 -1.9921171151e+00 -2.1977692152e+00 -2.4017465015e+00 -2.6016553317e+00 -2.7951846379e+00 -2.9801209713e+00 -3.1543656234e+00 -3.3159526009e+00 -3.4630665820e+00 -3.5940602172e+00 -3.7074702922e+00 -3.8020323767e+00 -3.8766936668e+00 -3.9306237859e+00 -3.9632233660e+00 -3.9741302704e+00 -3.9632233660e+00 -3.9306237859e+00 -3.8766936668e+00 -3.8020323767e+00 -3.7074702922e+00 -3.5940602172e+00 -3.4630665820e+00 -3.3159526009e+00 -3.1543656234e+00 -2.9801209713e+00 -2.7951846379e+00 -2.6016553317e+00 -2.4017465015e+00 -2.1977692152e+00 -1.9921171151e+00 -1.7872552349e+00 -1.5857153316e+00 -1.3901017080e+00 -1.2031133011e+00 -1.0275895083e+00 -8.6658567811e-01 -7.2346782681e-01 -6.0195091385e-01 -5.0582638643e-01 -4.3786440067e-01 -3.9765994611e-01 -3.7996762046e-01 -3.7608467820e-01 -3.7750782147e-01
-3.8861490394e-01 -3.8600083146e-01 -3.7996762046e-01 -3.7608467820e-01 -3.8349446314e-01 -4.1274792011e-01 -4.7131792701e-01 -5.6066814596e-01 -6.7776733467e-01 -8.1810985214e-01 -9.7736769373e-01 -1.1517708898e+00 -1.3380204318e+00 -1.5331329400e+00 -1.7343236905e+00 -1.9389362222e+00 -2.1444062772e+00 -2.3482480503e+00 -2.5480542958e+00 -2.7415048312e+00 -2.9263799718e+00 -3.1005766625e+00 -3.2621258306e+00 -3.4092099424e+00 -3.5401800430e+00 -3.6535717459e+00 -3.7481197646e+00 -3.8227706759e+00 -3.8766936668e+00 -3.9092890797e+00 -3.9201946131e+00 -3.9092890797e+00 -3.8766936668e+00 -3.8227706759e+00 -3.7481197646e+00 -3.6535717459e+00 -3.5401800430e+00 -3.4092099424e+00 -3.2621258306e+00 -3.1005766625e+00 -2.9263799718e+00 -2.7415048312e+00 -2.5480542958e+00 -2.3482480503e+00 -2.1444062772e+00 -1.9389362222e+00 -1.7343236905e+00 -1.5331329400e+00 -1.3380204318e+00 -1.1517708898e+00 -9.7736769373e-01 -8.1810985214e-01 -6.7776733467e-01 -5.6066814596e-01 -4.7131792701e-01 -4.1274792011e-01 -3.8349446314e-01 -3.7608467820e-01 -3.7996762046e-01 -3.8600083146e-01
-4.1392902381e-01 -4.0947334351e-01 -3.9765994611e-01 -3.8349446314e-01 -3.7608467820e-01 -3.8790760143e-01 -4.3028418947e-01 -5.0752850850e-01 -6.1676102608e-01 -7.5227556835e-01 -9.0858079846e-01 -1.0811384663e+00 -1.2661983797e+00 -1.4605189957e+00 -1.6611663595e+00 -1.8653956411e+00 -2.0705887373e+00 -2.2742260724e+00 -2.4738786311e+00 -2.6672118377e+00 -2.8519962708e+00 -3.0261221534e+00 -3.1876156888e+00 -3.3346559735e+00 -3.4655916219e+00 -3.5789564804e+00 -3.6734839779e+00 -3.7481197646e+00 -3.8020323767e+00 -3.8346217258e+00 -3.8455252644e+00 -3.8346217258e+00 -3.8020323767e+00 -3.7481197646e+00 -3.6734839779e+00 -3.5789564804e+00 -3.4655916219e+00 -3.3346559735e+00 -3.1876156888e+00 -3.0261221534e+00 -2.8519962708e+00 -2.6672118377e+00 -2.4738786311e+00 -2.2742260724e+00 -2.0705887373e+00 -1.8653956411e+00 -1.6611663595e+00 -1.4605189957e+00 -1.2661983797e+00 -1.0811384663e+00 -9.0858079846e-01 -7.5227556835e-01 -6.1676102608e-01 -5.0752850850e-01 -4.3028418947e-01 -3.8790760143e-01 -3.7608467820e-01 -3.8349446314e-01 -3.9765994611e-01 -4.0947334351e-01
-4.6177532946e-01 -4.5550530027e-01 -4.3786440067e-01 -4.1274792011e-01 -3.8790760143e-01 -3.7608467820e-01 -3.9298793894e-01 -4.4926409970e-01 -5.4452725385e-01 -6.7164723835e-01 -8.2300551033e-01 -9.9258468053e-01 -1.1757861871e+00 -1.3689025977e+00 -1.5687415488e+00 -1.7724106988e+00 -1.9772048251e+00 -2.1805511271e+00 -2.3799870241e+00 -2.5731561548e+00 -2.7578145877e+00 -2.9318426595e+00 -3.0932597025e+00 -3.2402399590e+00 -3.3711285688e+00 -3.4844568709e+00 -3.5789564804e+00 -3.6535717459e+00 -3.7074702922e+00 -3.7400514294e+00 -3.7509522678e+00 -3.7400514294e+00 -3.7074702922e+00 -3.6535717459e+00 -3.5789564804e+00 -3.4844568709e+00 -3.3711285688e+00 -3.2402399590e+00 -3.0932597025e+00 -2.9318426595e+00 -2.7578145877e+00 -2.5731561548e+00 -2.3799870241e+00 -2.1805511271e+00 -1.9772048251e+00 -1.7724106988e+00 -1.5687415488e+00 -1.3689025977e+00 -1.1757861871e+00 -9.9258468053e-01 -8.2300551033e-01 -6.7164723835e-01 -5.4452725385e-01 -4.4926409970e-01 -3.9298793894e-01 -3.7608467820e-01 -3.8790760143e-01 -4.1274792011e-01 -4.3786440067e-01 -4.5550530027e-01
