# 2023-03-14 09:33:21
#
# U_MIN=-2.000000   U_MAX=-1.000000

-4.0177509196e+00 -3.9499088433e+00 -3.7510699384e+00 -3.4349929697e+00 -3.0236273666e+00 -2.5457462571e+00 -2.0352696264e+00 -1.5296140964e+00 -1.0687948598e+00 -6.9675548283e-01 -4.6273018279e-01 -3.8336229548e-01 -3.7725648085e-01 -3.8336229548e-01 -4.6273018279e-01 -6.9675548283e-01 -1.0687948598e+00 -1.5296140964e+00 -2.0352696264e+00 -2.5457462571e+00 -3.0236273666e+00 -3.4349929697e+00 -3.7510699384e+00 -3.9499088433e+00
-3.9499088433e+00 -3.8820774957e+00 -3.6832735019e+00 -3.3672651923e+00 -2.9560237761e+00 -2.4783709271e+00 -1.9683427699e+00 -1.4636674664e+00 -1.0053208218e+00 -6.4052450755e-01 -4.2689908644e-01 -3.7725648085e-01 -3.8336229548e-01 -3.7725648085e-01 -4.2689908644e-01 -6.4052450755e-01 -1.0053208218e+00 -1.4636674664e+00 -1.9683427699e+00 -2.4783709271e+00 -2.9560237761e+00 -3.3672651923e+00 -3.6832735019e+00 -3.8820774957e+00
-3.7510699384e+00 -3.6832735019e+00 -3.4845835407e+00 -3.1688013409e+00 -2.7579746314e+00 -2.2811011791e+00 -1.7726597114e+00 -1.2716606074e+00 -8.2354164266e-01 -4.9329805065e-01 -3.7725648085e-01 -4.2689908644e-01 -4.6273018279e-01 -4.2689908644e-01 -3.7725648085e-01 -4.9329805065e-01 -8.2354164266e-01 -1.2716606074e+00 -1.7726597114e+00 -2.2811011791e+00 -2.7579746314e+00 -3.1688013409e+00 -3.4845835407e+00 -3.6832735019e+00
-3.4349929697e+00 -3.3672651923e+00 -3.1688013409e+00 -2.8534755041e+00 -2.4435117305e+00 -1.9683427699e+00 -1.4636674664e+00 -9.7271271691e-01 -5.6026362330e-01 -3.7725648085e-01 -4.9329805065e-01 -6.4052450755e-01 -6.9675548283e-01 -6.4052450755e-01 -4.9329805065e-01 -3.7725648085e-01 -5.6026362330e-01 -9.7271271691e-01 -1.4636674664e+00 -1.9683427699e+00 -2.4435117305e+00 -2.8534755041e+00 -3.1688013409e+00 -3.3672651923e+00
-3.0236273666e+00 -2.9560237761e+00 -2.7579746314e+00 -2.4435117305e+00 -2.0352696264e+00 -1.5638247425e+00 -1.0687948598e+00 -6.1236873235e-01 -3.7725648085e-01 -5.6026362330e-01 -8.2354164266e-01 -1.0053208218e+00 -1.0687948598e+00 -1.0053208218e+00 -8.2354164266e-01 -5.6026362330e-01 -3.7725648085e-01 -6.1236873235e-01 -1.0687948598e+00 -1.5638247425e+00 -2.0352696264e+00 -2.4435117305e+00 -2.7579746314e+00 -2.9560237761e+00
-2.5457462571e+00 -2.4783709271e+00 -2.2811011791e+00 -1.9683427699e+00 -1.5638247425e+00 -1.1018707828e+00 -6.4052450755e-01 -3.7725648085e-01 -6.1236873235e-01 -9.7271271691e-01 -1.2716606074e+00 -1.4636674664e+00 -1.5296140964e+00 -1.4636674664e+00 -1.2716606074e+00 -9.7271271691e-01 -6.1236873235e-01 -3.7725648085e-01 -6.4052450755e-01 -1.1018707828e+00 -1.5638247425e+00 -1.9683427699e+00 -2.2811011791e+00 -2.4783709271e+00
-2.0352696264e+00 -1.9683427699e+00 -1.7726597114e+00 -1.4636674664e+00 -1.0687948598e+00 -6.4052450755e-01 -3.7725648085e-01 -6.4052450755e-01 -1.0687948598e+00 -1.4636674664e+00 -1.7726597114e+00 -1.9683427699e+00 -2.0352696264e+00 -1.9683427699e+00 -1.7726597114e+00 -1.4636674664e+00 -1.0687948598e+00 -6.4052450755e-01 -3.7725648085e-01 -6.4052450755e-01 -1.0687948598e+00 -1.4636674664e+00 -1.7726597114e+00 -1.9683427699e+00
-1.5296140964e+00 -1.4636674664e+00 -1.2716606074e+00 -9.7271271691e-01 -6.1236873235e-01 -3.7725648085e-01 -6.4052450755e-01 -1.1018707828e+00 -1.5638247425e+00 -1.9683427699e+00 -2.2811011791e+00 -2.4783709271e+00 -2.5457462571e+00 -2.4783709271e+00 -2.2811011791e+00 -1.9683427699e+00 -1.5638247425e+00 -1.1018707828e+00 -6.4052450755e-01 -3.7725648085e-01 -6.1236873235e-01 -9.7271271691e-01 -1.2716606074e+00 -1.4636674664e+00
-1.0687948598e+00 -1.0053208218e+00 -8.2354164266e-01 -5.6026362330e-01 -3.7725648085e-01 -6.1236873235e-01 -1.0687948598e+00 -1.5638247425e+00 -2.0352696264e+00 -2.4435117305e+00 -2.7579746314e+00 -2.9560237761e+00 -3.0236273666e+00 -2.9560237761e+00 -2.7579746314e+00 -2.4435117305e+00 -2.0352696264e+00 -1.5638247425e+00 -1.0687948598e+00 -6.1236873235e-01 -3.7725648085e-01 -5.6026362330e-01 -8.2354164266e-01 -1.0053208218e+00
-6.9675548283e-01 -6.4052450755e-01 -4.9329805065e-01 -3.7725648085e-01 -5.6026362330e-01 -9.7271271691e-01 -1.4636674664e+00 -1.9683427699e+00 -2.4435117305e+00 -2.8534755041e+00 -3.1688013409e+00 -3.3672651923e+00 -3.4349929697e+00 -3.3672651923e+00 -3.1688013409e+00 -2.8534755041e+00 -2.4435117305e+00 -1.9683427699e+00 -1.4636674664e+00 -9.7271271691e-01 -5.6026362330e-01 -3.7725648085e-01 -4.9329805065e-01 -6.4052450755e-01
-4.6273018279e-01 -4.2689908644e-01 -3.7725648085e-01 -4.9329805065e-01 -8.2354164266e-01 -1.2716606074e+00 -1.7726597114e+00 -2.2811011791e+00 -2.7579746314e+00 -3.1688013409e+00 -3.4845835407e+00 -3.6832735019e+00 -3.7510699384e+00 -3.6832735019e+00 -3.4845835407e+00 -3.1688013409e+00 -2.7579746314e+00 -2.2811011791e+00 -1.7726597114e+00 -1.2716606074e+00 -8.2354164266e-01 -4.9329805065e-01 -3.7725648085e-01 -4.2689908644e-01
-3.8336229548e-01 -3.7725648085e-01 -4.2689908644e-01 -6.4052450755e-01 -1.0053208218e+00 -1.4636674664e+00 -1.9683427699e+00 -2.4783709271e+00 -2.9560237761e+00 -3.3672651923e+00 -3.6832735019e+00 -3.8820774957e+00 -3.9499088433e+00 -3.8820774957e+00 -3.6832735019e+00 -3.3672651923e+00 -2.9560237761e+00 -2.4783709271e+00 -1.9683427699e+00 -1.4636674664e+00 -1.0053208218e+00 -6.4052450755e-01 -4.2689908644e-01 -3.7725648085e-01
-3.7725648085e-01 -3.8336229548e-01 -4.6273018279e-01 -6.9675548283e-01 -1.0687948598e+00 -1.5296140964e+00 -2.0352696264e+00 -2.5457462571e+00 -3.0236273666e+00 -3.4349929697e+00 -3.7510699384e+00 -3.9499088433e+00 -4.0177509196e+00 -3.9499088433e+00 -3.7510699384e+00 -3.4349929697e+00 -3.0236273666e+00 -2.5457462571e+00 -2.0352696264e+00 -1.5296140964e+00 -1.0687948598e+00 -6.9675548283e-01 -4.6273018279e-01 -3.8336229548e-01
-3.8336229548e-01 -3.7725648085e-01 -4.2689908644e-01 -6.4052450755e-01 -1.0053208218e+00 -1.4636674664e+00 -1.9683427699e+00 -2.4783709271e+00 -2.9560237761e+00 -3.3672651923e+00 -3.6832735019e+00 -3.8820774957e+00 -3.9499088433e+00 -3.8820774957e+00 -3.6832735019e+00 -3.3672651923e+00 -2.9560237761e+00 -2.4783709271e+00 -1.9683427699e+00 -1.4636674664e+00 -1.0053208218e+00 -6.4052450755e-01 -4.2689908644e-01 -3.7725648085e-01
-4.6273018279e-01 -4.2689908644e-01 -3.7725648085e-01 -4.9329805065e-01 -8.2354164266e-01 -1.2716606074e+00 -1.7726597114e+00 -2.2811011791e+00 -2.7579746314e+00 -3.1688013409e+00 -3.4845835407e+00 -3.6832735019e+00 -3.7510699384e+00 -3.6832735019e+00 -3.4845835407e+00 -3.1688013409e+00 -2.7579746314e+00 -2.2811011791e+00 -1.7726597114e+00 -1.2716606074e+00 -8.2354164266e-01 -4.9329805065e-01 -3.7725648085e-01 -4.2689908644e-01
-6.9675548283e-01 -6.4052450755e-01 -4.9329805065e-01 -3.7725648085e-01 -5.6026362330e-01 -9.7271271691e-01 -1.4636674664e+00 -1.9683427699e+00 -2.4435117305e+00 -2.8534755041e+00 -3.1688013409e+00 -3.3672651923e+00 -3.4349929697e+00 -3.3672651923e+00 -3.1688013409e+00 -2.8534755041e+00 -2.4435117305e+00 -1.9683427699e+00 -1.4636674664e+00 -9.7271271691e-01 -5.6026362330e-01 -3.7725648085e-01 -4.9329805065e-01 -6.4052450755e-01
-1.0687948598e+00 -1.0053208218e+00 -8.2354164266e-01 -5.6026362330e-01 -3.7725648085e-01 -6.1236873235e-01 -1.0687948598e+00 -1.5638247425e+00 -2.0352696264e+00 -2.4435117305e+00 -2.7579746314e+00 -2.9560237761e+00 -3.0236273666e+00 -2.9560237761e+00 -2.7579746314e+00 -2.4435117305e+00 -2.0352696264e+00 -1.5638247425e+00 -1.0687948598e+00 -6.1236873235e-01 -3.7725648085e-01 -5.6026362330e-01 -8.2354164266e-01 -1.0053208218e+00
-1.5296140964e+00 -1.4636674664e+00 -1.2716606074e+00 -9.7271271691e-01 -6.1236873235e-01 -3.7725648085e-01 -6.4052450755e-01 -1.1018707828e+00 -1.5638247425e+00 -1.9683427699e+00 -2.2811011791e+00 -2.4783709271e+00 -2.5457462571e+00 -2.4783709271e+00 -2.2811011791e+00 -1.9683427699e+00 -1.5638247425e+00 -1.1018707828e+00 -6.4052450755e-01 -3.7725648085e-01 -6.1236873235e-01 -9.7271271691e-01 -1.2716606074e+00 -1.4636674664e+00
-2.0352696264e+00 -1.9683427699e+00 -1.7726597114e+00 -1.4636674664e+00 -1.0687948598e+00 -6.4052450755e-01 -3.7725648085e-01 -6.4052450755e-01 -1.0687948598e+00 -1.4636674664e+00 -1.7726597114e+00 -1.9683427699e+00 -2.0352696264e+00 -1.9683427699e+00 -1.7726597114e+00 -1.4636674664e+00 -1.0687948598e+00 -6.4052450755e-01 -3.7725648085e-01 -6.4052450755e-01 -1.0687948598e+00 -1.4636674664e+00 -1.7726597114e+00 -1.9683427699e+00
-2.5457462571e+00 -2.4783709271e+00 -2.2811011791e+00 -1.9683427699e+00 -1.5638247425e+00 -1.1018707828e+00 -6.4052450755e-01 -3.7725648085e-01 -6.1236873235e-01 -9.7271271691e-01 -1.2716606074e+00 -1.4636674664e+00 -1.5296140964e+00 -1.4636674664e+00 -1.2716606074e+00 -9.7271271691e-01 -6.1236873235e-01 -3.7725648085e-01 -6.4052450755e-01 -1.1018707828e+00 -1.5638247425e+00 -1.9683427699e+00 -2.2811011791e+00 -2.4783709271e+00
-3.0236273666e+00 -2.9560237761e+00 -2.7579746314e+00 -2.4435117305e+00 -2.0352696264e+00 -1.5638247425e+00 -1.0687948598e+00 -6.1236873235e-01 -3.7725648085e-01 -5.6026362330e-01 -8.2354164266e-01 -1.0053208218e+00 -1.0687948598e+00 -1.0053208218e+00 -8.2354164266e-01 -5.6026362330e-01 -3.7725648085e-01 -6.1236873235e-01 -1.0687948598e+00 -1.5638247425e+00 -2.0352696264e+00 -2.4435117305e+00 -2.7579746314e+00 -2.9560237761e+00
-3.4349929697e+00 -3.3672651923e+00 -3.1688013409e+00 -2.8534755041e+00 -2.4435117305e+00 -1.9683427699e+00 -1.4636674664e+00 -9.7271271691e-01 -5.6026362330e-01 -3.7725648085e-01 -4.9329805065e-01 -6.4052450755e-01 -6.9675548283e-01 -6.4052450755e-01 -4.9329805065e-01 -3.7725648085e-01 -5.6026362330e-01 -9.7271271691e-01 -1.4636674664e+00 -1.9683427699e+00 -2.4435117305e+00 -2.8534755041e+00 -3.1688013409e+00 -3.3672651923e+00
-3.7510699384e+00 -3.6832735019e+00 -3.4845835407e+00 -3.1688013409e+00 -2.7579746314e+00 -2.2811011791e+00 -1.7726597114e+00 -1.2716606074e+00 -8.2354164266e-01 -4.9329805065e-01 -3.7725648085e-01 -4.2689908644e-01 -4.6273018279e-01 -4.2689908644e-01 -3.7725648085e-01 -4.9329805065e-01 -8.2354164266e-01 -1.2716606074e+00 -1.7726597114e+00 -2.2811011791e+00 -2.7579746314e+00 -3.1688013409e+00 -3.4845835407e+00 -3.6832735019e+00
-3.9499088433e+00 -3.8820774957e+00 -3.6832735019e+00 -3.3672651923e+00 -2.9560237761e+00 -2.4783709271e+00 -1.9683427699e+00 -1.4636674664e+00 -1.0053208218e+00 -6.4052450755e-01 -4.2689908644e-01 -3.7725648085e-01 -3.8336229548e-01 -3.7725648085e-01 -4.2689908644e-01 -6.4052450755e-01 -1.0053208218e+00 -1.4636674664e+00 -1.9683427699e+00 -2.4783709271e+00 -2.9560237761e+00 -3.3672651923e+00 -3.6832735019e+00 -3.8820774957e+00
4.0177509196e+00 3.9499088433e+00 3.7510699384e+00 3.4349929697e+00 3.0236273666e+00 2.5457462571e+00 2.0352696264e+00 1.5296140964e+00 1.0687948598e+00 6.9675548283e-01 4.6273018279e-01 3.8336229548e-01 3.7725648085e-01 3.8336229548e-01 4.6273018279e-01 6.9675548283e-01 1.0687948598e+00 1.5296140964e+00 2.0352696264e+00 2.5457462571e+00 3.0236273666e+00 3.4349929697e+00 3.7510699384e+00 3.9499088433e+00
3.9499088433e+00 3.8820774957e+00 3.6832735019e+00 3.3672651923e+00 2.9560237761e+00 2.4783709271e+00 1.9683427699e+00 1.4636674664e+00 1.0053208218e+00 6.4052450755e-01 4.2689908644e-01 3.7725648085e-01 3.8336229548e-01 3.7725648085e-01 4.2689908644e-01 6.4052450755e-01 1.0053208218e+00 1.4636674664e+00 1.9683427699e+00 2.4783709271e+00 2.9560237761e+00 3.3672651923e+00 3.6832735019e+00 3.8820774957e+00
3.7510699384e+00 3.6832735019e+00 3.4845835407e+00 3.1688013409e+00 2.7579746314e+00 2.2811011791e+00 1.7726597114e+00 1.2716606074e+00 8.2354164266e-01 4.9329805065e-01 3.7725648085e-01 4.2689908644e-01 4.6273018279e-01 4.2689908644e-01 3.7725648085e-01 4.9329805065e-01 8.2354164266e-01 1.2716606074e+00 1.7726597114e+00 2.2811011791e+00 2.7579746314e+00 3.1688013409e+00 3.4845835407e+00 3.6832735019e+00
3.4349929697e+00 3.3672651923e+00 3.1688013409e+00 2.8534755041e+00 2.4435117305e+00 1.9683427699e+00 1.4636674664e+00 9.7271271691e-01 5.6026362330e-01 3.7725648085e-01 4.9329805065e-01 6.4052450755e-01 6.9675548283e-01 6.4052450755e-01 4.9329805065e-01 3.7725648085e-01 5.6026362330e-01 9.7271271691e-01 1.4636674664e+00 1.9683427699e+00 2.4435117305e+00 2.8534755041e+00 3.1688013409e+00 3.3672651923e+00
3.0236273666e+00 2.9560237761e+00 2.7579746314e+00 2.4435117305e+00 2.0352696264e+00 1.5638247425e+00 1.0687948598e+00 6.1236873235e-01 3.7725648085e-01 5.6026362330e-01 8.2354164266e-01 1.0053208218e+00 1.0687948598e+00 1.0053208218e+00 8.2354164266e-01 5.6026362330e-01 3.7725648085e-01 6.1236873235e-01 1.0687948598e+00 1.5638247425e+00 2.0352696264e+00 2.4435117305e+00 2.7579746314e+00 2.9560237761e+00
2.5457462571e+00 2.4783709271e+00 2.2811011791e+00 1.9683427699e+00 1.5638247425e+00 1.1018707828e+00 6.4052450755e-01 3.7725648085e-01 6.1236873235e-01 9.7271271691e-01 1.2716606074e+00 1.4636674664e+00 1.5296140964e+00 1.4636674664e+00 1.2716606074e+00 9.7271271691e-01 6.1236873235e-01 3.7725648085e-01 6.4052450755e-01 1.1018707828e+00 1.5638247425e+00 1.9683427699e+00 2.2811011791e+00 2.4783709271e+00
2.0352696264e+00 1.9683427699e+00 1.7726597114e+00 1.4636674664e+00 1.0687948598e+00 6.4052450755e-01 3.7725648085e-01 6.4052450755e-01 1.0687948598e+00 1.4636674664e+00 1.7726597114e+00 1.9683427699e+00 2.0352696264e+00 1.9683427699e+00 1.7726597114e+00 1.4636674664e+00 1.0687948598e+00 6.4052450755e-01 3.7725648085e-01 6.4052450755e-01 1.0687948598e+00 1.4636674664e+00 1.7726597114e+00 1.9683427699e+00
1.5296140964e+00 1.4636674664e+00 1.2716606074e+00 9.7271271691e-01 6.1236873235e-01 3.7725648085e-01 6.4052450755e-01 1.1018707828e+00 1.5638247425e+00 1.9683427699e+00 2.2811011791e+00 2.4783709271e+00 2.5457462571e+00 2.4783709271e+00 2.2811011791e+00 1.9683427699e+00 1.5638247425e+00 1.1018707828e+00 6.4052450755e-01 3.7725648085e-01 6.1236873235e-01 9.7271271691e-01 1.2716606074e+00 1.4636674664e+00
1.0687948598e+00 1.0053208218e+00 8.2354164266e-01 5.6026362330e-01 3.7725648085e-01 6.1236873235e-01 1.0687948598e+00 1.5638247425e+00 2.0352696264e+00 2.4435117305e+00 2.7579746314e+00 2.9560237761e+00 3.0236273666e+00 2.9560237761e+00 2.7579746314e+00 2.4435117305e+00 2.0352696264e+00 1.5638247425e+00 1.0687948598e+00 6.1236873235e-01 3.7725648085e-01 5.6026362330e-01 8.2354164266e-01 1.0053208218e+00
6.9675548283e-01 6.4052450755e-01 4.9329805065e-01 3.7725648085e-01 5.6026362330e-01 9.7271271691e-01 1.4636674664e+00 1.9683427699e+00 2.4435117305e+00 2.8534755041e+00 3.1688013409e+00 3.3672651923e+00 3.4349929697e+00 3.3672651923e+00 3.1688013409e+00 2.8534755041e+00 2.4435117305e+00 1.9683427699e+00 1.4636674664e+00 9.7271271691e-01 5.6026362330e-01 3.7725648085e-01 4.9329805065e-01 6.4052450755e-01
4.6273018279e-01 4.2689908644e-01 3.7725648085e-01 4.9329805065e-01 8.2354164266e-01 1.2716606074e+00 1.7726597114e+00 2.2811011791e+00 2.7579746314e+00 3.1688013409e+00 3.4845835407e+00 3.6832735019e+00 3.7510699384e+00 3.6832735019e+00 3.4845835407e+00 3.1688013409e+00 2.7579746314e+00 2.2811011791e+00 1.7726597114e+00 1.2716606074e+00 8.2354164266e-01 4.9329805065e-01 3.7725648085e-01 4.2689908644e-01
3.8336229548e-01 3.7725648085e-01 4.2689908644e-01 6.4052450755e-01 1.0053208218e+00 1.4636674664e+00 1.9683427699e+00 2.4783709271e+00 2.9560237761e+00 3.3672651923e+00 3.6832735019e+00 3.8820774957e+00 3.9499088433e+00 3.8820774957e+00 3.6832735019e+00 3.3672651923e+00 2.9560237761e+00 2.4783709271e+00 1.9683427699e+00 1.4636674664e+00 1.0053208218e+00 6.4052450755e-01 4.2689908644e-01 3.7725648085e-01
3.7725648085e-01 3.8336229548e-01 4.6273018279e-01 6.9675548283e-01 1.0687948598e+00 1.5296140964e+00 2.0352696264e+00 2.5457462571e+00 3.0236273666e+00 3.4349929697e+00 3.7510699384e+00 3.9499088433e+00 4.0177509196e+00 3.9499088433e+00 3.7510699384e+00 3.4349929697e+00 3.0236273666e+00 2.5457462571e+00 2.0352696264e+00 1.5296140964e+00 1.0687948598e+00 6.9675548283e-01 4.6273018279e-01 3.8336229548e-01
3.8336229548e-01 3.7725648085e-01 4.2689908644e-01 6.4052450755e-01 1.0053208218e+00 1.4636674664e+00 1.9683427699e+00 2.4783709271e+00 2.9560237761e+00 3.3672651923e+00 3.6832735019e+00 3.8820774957e+00 3.9499088433e+00 3.8820774957e+00 3.6832735019e+00 3.3672651923e+00 2.9560237761e+00 2.4783709271e+00 1.9683427699e+00 1.4636674664e+00 1.0053208218e+00 6.4052450755e-01 4.2689908644e-01 3.7725648085e-01
4.6273018279e-01 4.2689908644e-01 3.7725648085e-01 4.9329805065e-01 8.2354164266e-01 1.2716606074e+00 1.7726597114e+00 2.2811011791e+00 2.7579746314e+00 3.1688013409e+00 3.4845835407e+00 3.6832735019e+00 3.7510699384e+00 3.6832735019e+00 3.4845835407e+00 3.1688013409e+00 2.7579746314e+00 2.2811011791e+00 1.7726597114e+00 1.2716606074e+00 8.2354164266e-01 4.9329805065e-01 3.7725648085e-01 4.2689908644e-01
6.9675548283e-01 6.4052450755e-01 4.9329805065e-01 3.7725648085e-01 5.6026362330e-01 9.7271271691e-01 1.4636674664e+00 1.9683427699e+00 2.4435117305e+00 2.8534755041e+00 3.1688013409e+00 3.3672651923e+00 3.4349929697e+00 3.3672651923e+00 3.1688013409e+00 2.8534755041e+00 2.4435117305e+00 1.9683427699e+00 1.4636674664e+00 9.7271271691e-01 5.6026362330e-01 3.7725648085e-01 4.9329805065e-01 6.4052450755e-01
1.0687948598e+00 1.0053208218e+00 8.2354164266e-01 5.6026362330e-01 3.7725648085e-01 6.1236873235e-01 1.0687948598e+00 1.5638247425e+00 2.0352696264e+00 2.4435117305e+00 2.7579746314e+00 2.9560237761e+00 3.0236273666e+00 2.9560237761e+00 2.7579746314e+00 2.4435117305e+00 2.0352696264e+00 1.5638247425e+00 1.0687948598e+00 6.1236873235e-01 3.7725648085e-01 5.6026362330e-01 8.2354164266e-01 1.0053208218e+00
1.5296140964e+00 1.4636674664e+00 1.2716606074e+00 9.7271271691e-01 6.1236873235e-01 3.7725648085e-01 6.4052450755e-01 1.1018707828e+00 1.5638247425e+00 1.9683427699e+00 2.2811011791e+00 2.4783709271e+00 2.5457462571e+00 2.4783709271e+00 2.2811011791e+00 1.9683427699e+00 1.5638247425e+00 1.1018707828e+00 6.4052450755e-01 3.7725648085e-01 6.1236873235e-01 9.7271271691e-01 1.2716606074e+00 1.4636674664e+00
2.0352696264e+00 1.9683427699e+00 1.7726597114e+00 1.4636674664e+00 1.0687948598e+00 6.4052450755e-01 3.7725648085e-01 6.4052450755e-01 1.0687948598e+00 1.4636674664e+00 1.7726597114e+00 1.9683427699e+00 2.0352696264e+00 1.9683427699e+00 1.7726597114e+00 1.4636674664e+00 1.0687948598e+00 6.4052450755e-01 3.7725648085e-01 6.4052450755e-01 1.0687948598e+00 1.4636674664e+00 1.7726597114e+00 1.9683427699e+00
2.5457462571e+00 2.4783709271e+00 2.2811011791e+00 1.9683427699e+00 1.5638247425e+00 1.1018707828e+00 6.4052450755e-01 3.7725648085e-01 6.1236873235e-01 9.7271271691e-01 1.2716606074e+00 1.4636674664e+00 1.5296140964e+00 1.4636674664e+00 1.2716606074e+00 9.7271271691e-01 6.1236873235e-01 3.7725648085e-01 6.4052450755e-01 1.1018707828e+00 1.5638247425e+00 1.9683427699e+00 2.2811011791e+00 2.4783709271e+00
3.0236273666e+00 2.9560237761e+00 2.7579746314e+00 2.4435117305e+00 2.0352696264e+00 1.5638247425e+00 1.0687948598e+00 6.1236873235e-01 3.7725648085e-01 5.6026362330e-01 8.2354164266e-01 1.0053208218e+00 1.0687948598e+00 1.0053208218e+00 8.2354164266e-01 5.6026362330e-01 3.7725648085e-01 6.1236873235e-01 1.0687948598e+00 1.5638247425e+00 2.0352696264e+00 2.4435117305e+00 2.7579746314e+00 2.9560237761e+00
3.4349929697e+00 3.3672651923e+00 3.1688013409e+00 2.8534755041e+00 2.4435117305e+00 1.9683427699e+00 1.4636674664e+00 9.7271271691e-01 5.6026362330e-01 3.7725648085e-01 4.9329805065e-01 6.4052450755e-01 6.9675548283e-01 6.4052450755e-01 4.9329805065e-01 3.7725648085e-01 5.6026362330e-01 9.7271271691e-01 1.4636674664e+00 1.9683427699e+00 2.4435117305e+00 2.8534755041e+00 3.1688013409e+00 3.3672651923e+00
3.7510699384e+00 3.6832735019e+00 3.4845835407e+00 3.1688013409e+00 2.7579746314e+00 2.2811011791e+00 1.7726597114e+00 1.2716606074e+00 8.2354164266e-01 4.9329805065e-01 3.7725648085e-01 4.2689908644e-01 4.6273018279e-01 4.2689908644e-01 3.7725648085e-01 4.9329805065e-01 8.2354164266e-01 1.2716606074e+00 1.7726597114e+00 2.2811011791e+00 2.7579746314e+00 3.1688013409e+00 3.4845835407e+00 3.6832735019e+00
3.9499088433e+00 3.8820774957e+00 3.6832735019e+00 3.3672651923e+00 2.9560237761e+00 2.4783709271e+00 1.9683427699e+00 1.4636674664e+00 1.0053208218e+00 6.4052450755e-01 4.2689908644e-01 3.7725648085e-01 3.8336229548e-01 3.7725648085e-01 4.2689908644e-01 6.4052450755e-01 1.0053208218e+00 1.4636674664e+00 1.9683427699e+00 2.4783709271e+00 2.9560237761e+00 3.3672651923e+00 3.6832735019e+00 3.8820774957e+00
