# 2023-03-14 08:36:43
#
# U_MIN=-2.000000   U_MAX=-1.000000

-4.0183406252e+00 -3.8668218478e+00 -3.4356827021e+00 -2.7918300945e+00 -2.0364334951e+00 -1.2928187648e+00 -7.0014793471e-01 -4.1259990578e-01 -3.8348582759e-01 -4.1259990578e-01 -7.0014793471e-01 -1.2928187648e+00 -2.0364334951e+00 -2.7918300945e+00 -3.4356827021e+00 -3.8668218478e+00
-3.8668218478e+00 -3.7153621128e+00 -3.2844370601e+00 -2.6411150116e+00 -1.8871340552e+00 -1.1483180114e+00 -5.7881178533e-01 -3.8348582759e-01 -4.1259990578e-01 -3.8348582759e-01 -5.7881178533e-01 -1.1483180114e+00 -1.8871340552e+00 -2.6411150116e+00 -3.2844370601e+00 -3.7153621128e+00
-3.4356827021e+00 -3.2844370601e+00 -2.8543057615e+00 -2.2130594701e+00 -1.4652854261e+00 -7.5369981890e-01 -3.8348582759e-01 -5.7881178533e-01 -7.0014793471e-01 -5.7881178533e-01 -3.8348582759e-01 -7.5369981890e-01 -1.4652854261e+00 -2.2130594701e+00 -2.8543057615e+00 -3.2844370601e+00
-2.7918300945e+00 -2.6411150116e+00 -2.2130594701e+00 -1.5780390142e+00 -8.5606531152e-01 -3.8348582759e-01 -7.5369981890e-01 -1.1483180114e+00 -1.2928187648e+00 -1.1483180114e+00 -7.5369981890e-01 -3.8348582759e-01 -8.5606531152e-01 -1.5780390142e+00 -2.2130594701e+00 -2.6411150116e+00
-2.0364334951e+00 -1.8871340552e+00 -1.4652854261e+00 -8.5606531152e-01 -3.8348582759e-01 -8.5606531152e-01 -1.4652854261e+00 -1.8871340552e+00 -2.0364334951e+00 -1.8871340552e+00 -1.4652854261e+00 -8.5606531152e-01 -3.8348582759e-01 -8.5606531152e-01 -1.4652854261e+00 -1.8871340552e+00
-1.2928187648e+00 -1.1483180114e+00 -7.5369981890e-01 -3.8348582759e-01 -8.5606531152e-01 -1.5780390142e+00 -2.2130594701e+00 -2.6411150116e+00 -2.7918300945e+00 -2.6411150116e+00 -2.2130594701e+00 -1.5780390142e+00 -8.5606531152e-01 -3.8348582759e-01 -7.5369981890e-01 -1.1483180114e+00
-7.0014793471e-01 -5.7881178533e-01 -3.8348582759e-01 -7.5369981890e-01 -1.4652854261e+00 -2.2130594701e+00 -2.8543057615e+00 -3.2844370601e+00 -3.4356827021e+00 -3.2844370601e+00 -2.8543057615e+00 -2.2130594701e+00 -1.4652854261e+00 -7.5369981890e-01 -3.8348582759e-01 -5.7881178533e-01
-4.1259990578e-01 -3.8348582759e-01 -5.7881178533e-01 -1.1483180114e+00 -1.8871340552e+00 -2.6411150116e+00 -3.2844370601e+00 -3.7153621128e+00 -3.8668218478e+00 -3.7153621128e+00 -3.2844370601e+00 -2.6411150116e+00 -1.8871340552e+00 -1.1483180114e+00 -5.7881178533e-01 -3.8348582759e-01
-3.8348582759e-01 -4.1259990578e-01 -7.0014793471e-01 -1.2928187648e+00 -2.0364334951e+00 -2.7918300945e+00 -3.4356827021e+00 -3.8668218478e+00 -4.0183406252e+00 -3.8668218478e+00 -3.4356827021e+00 -2.7918300945e+00 -2.0364334951e+00 -1.2928187648e+00 -7.0014793471e-01 -4.1259990578e-01
-4.1259990578e-01 -3.8348582759e-01 -5.7881178533e-01 -1.1483180114e+00 -1.8871340552e+00 -2.6411150116e+00 -3.2844370601e+00 -3.7153621128e+00 -3.8668218478e+00 -3.7153621128e+00 -3.2844370601e+00 -2.6411150116e+00 -1.8871340552e+00 -1.1483180114e+00 -5.7881178533e-01 -3.8348582759e-01
-7.0014793471e-01 -5.7881178533e-01 -3.8348582759e-01 -7.5369981890e-01 -1.4652854261e+00 -2.2130594701e+00 -2.8543057615e+00 -3.2844370601e+00 -3.4356827021e+00 -3.2844370601e+00 -2.8543057615e+00 -2.2130594701e+00 -1.4652854261e+00 -7.5369981890e-01 -3.8348582759e-01 -5.7881178533e-01
-1.2928187648e+00 -1.1483180114e+00 -7.5369981890e-01 -3.8348582759e-01 -8.5606531152e-01 -1.5780390142e+00 -2.2130594701e+00 -2.6411150116e+00 -2.7918300945e+00 -2.6411150116e+00 -2.2130594701e+00 -1.5780390142e+00 -8.5606531152e-01 -3.8348582759e-01 -7.5369981890e-01 -1.1483180114e+00
-2.0364334951e+00 -1.8871340552e+00 -1.4652854261e+00 -8.5606531152e-01 -3.8348582759e-01 -8.5606531152e-01 -1.4652854261e+00 -1.8871340552e+00 -2.0364334951e+00 -1.8871340552e+00 -1.4652854261e+00 -8.5606531152e-01 -3.8348582759e-01 -8.5606531152e-01 -1.4652854261e+00 -1.8871340552e+00
-2.7918300945e+00 -2.6411150116e+00 -2.2130594701e+00 -1.5780390142e+00 -8.5606531152e-01 -3.8348582759e-01 -7.5369981890e-01 -1.1483180114e+00 -1.2928187648e+00 -1.1483180114e+00 -7.5369981890e-01 -3.8348582759e-01 -8.5606531152e-01 -1.5780390142e+00 -2.2130594701e+00 -2.6411150116e+00
-3.4356827021e+00 -3.2844370601e+00 -2.8543057615e+00 -2.2130594701e+00 -1.4652854261e+00 -7.5369981890e-01 -3.8348582759e-01 -5.7881178533e-01 -7.0014793471e-01 -5.7881178533e-01 -3.8348582759e-01 -7.5369981890e-01 -1.4652854261e+00 -2.2130594701e+00 -2.8543057615e+00 -3.2844370601e+00
-3.8668218478e+00 -3.7153621128e+00 -3.2844370601e+00 -2.6411150116e+00 -1.8871340552e+00 -1.1483180114e+00 -5.7881178533e-01 -3.8348582759e-01 -4.1259990578e-01 -3.8348582759e-01 -5.7881178533e-01 -1.1483180114e+00 -1.8871340552e+00 -2.6411150116e+00 -3.2844370601e+00 -3.7153621128e+00
4.0183406252e+00 3.8668218478e+00 3.4356827021e+00 2.7918300945e+00 2.0364334951e+00 1.2928187648e+00 7.0014793471e-01 4.1259990578e-01 3.8348582759e-01 4.1259990578e-01 7.0014793471e-01 1.2928187648e+00 2.0364334951e+00 2.7918300945e+00 3.4356827021e+00 3.8668218478e+00
3.8668218478e+00 3.7153621128e+00 3.2844370601e+00 2.6411150116e+00 1.8871340552e+00 1.1483180114e+00 5.7881178533e-01 3.8348582759e-01 4.1259990578e-01 3.8348582759e-01 5.7881178533e-01 1.1483180114e+00 1.8871340552e+00 2.6411150116e+00 3.2844370601e+00 3.7153621128e+00
3.4356827021e+00 3.2844370601e+00 2.8543057615e+00 2.2130594701e+00 1.4652854261e+00 7.5369981890e-01 3.8348582759e-01 5.7881178533e-01 7.0014793471e-01 5.7881178533e-01 3.8348582759e-01 7.5369981890e-01 1.4652854261e+00 2.2130594701e+00 2.8543057615e+00 3.2844370601e+00
2.7918300945e+00 2.6411150116e+00 2.2130594701e+00 1.5780390142e+00 8.5606531152e-01 3.8348582759e-01 7.5369981890e-01 1.1483180114e+00 1.2928187648e+00 1.1483180114e+00 7.5369981890e-01 3.8348582759e-01 8.5606531152e-01 1.5780390142e+00 2.2130594701e+00 2.6411150116e+00
2.0364334951e+00 1.8871340552e+00 1.4652854261e+00 8.5606531152e-01 3.8348582759e-01 8.5606531152e-01 1.4652854261e+00 1.8871340552e+00 2.0364334951e+00 1.8871340552e+00 1.4652854261e+00 8.5606531152e-01 3.8348582759e-01 8.5606531152e-01 1.4652854261e+00 1.8871340552e+00
1.2928187648e+00 1.1483180114e+00 7.5369981890e-01 3.8348582759e-01 8.5606531152e-01 1.5780390142e+00 2.2130594701e+00 2.6411150116e+00 2.7918300945e+00 2.6411150116e+00 2.2130594701e+00 1.5780390142e+00 8.5606531152e-01 3.8348582759e-01 7.5369981890e-01 1.1483180114e+00
7.0014793471e-01 5.7881178533e-01 3.8348582759e-01 7.5369981890e-01 1.4652854261e+00 2.2130594701e+00 2.8543057615e+00 3.2844370601e+00 3.4356827021e+00 3.2844370601e+00 2.8543057615e+00 2.2130594701e+00 1.4652854261e+00 7.5369981890e-01 3.8348582759e-01 5.7881178533e-01
4.1259990578e-01 3.8348582759e-01 5.7881178533e-01 1.1483180114e+00 1.8871340552e+00 2.6411150116e+00 3.2844370601e+00 3.7153621128e+00 3.8668218478e+00 3.7153621128e+00 3.2844370601e+00 2.6411150116e+00 1.8871340552e+00 1.1483180114e+00 5.7881178533e-01 3.8348582759e-01
3.8348582759e-01 4.1259990578e-01 7.0014793471e-01 1.2928187648e+00 2.0364334951e+00 2.7918300945e+00 3.4356827021e+00 3.8668218478e+00 4.0183406252e+00 3.8668218478e+00 3.4356827021e+00 2.7918300945e+00 2.0364334951e+00 1.2928187648e+00 7.0014793471e-01 4.1259990578e-01
4.1259990578e-01 3.8348582759e-01 5.7881178533e-01 1.1483180114e+00 1.8871340552e+00 2.6411150116e+00 3.2844370601e+00 3.7153621128e+00 3.8668218478e+00 3.7153621128e+00 3.2844370601e+00 2.6411150116e+00 1.8871340552e+00 1.1483180114e+00 5.7881178533e-01 3.8348582759e-01
7.0014793471e-01 5.7881178533e-01 3.8348582759e-01 7.5369981890e-01 1.4652854261e+00 2.2130594701e+00 2.8543057615e+00 3.2844370601e+00 3.4356827021e+00 3.2844370601e+00 2.8543057615e+00 2.2130594701e+00 1.4652854261e+00 7.5369981890e-01 3.8348582759e-01 5.7881178533e-01
1.2928187648e+00 1.1483180114e+00 7.5369981890e-01 3.8348582759e-01 8.5606531152e-01 1.5780390142e+00 2.2130594701e+00 2.6411150116e+00 2.7918300945e+00 2.6411150116e+00 2.2130594701e+00 1.5780390142e+00 8.5606531152e-01 3.8348582759e-01 7.5369981890e-01 1.1483180114e+00
2.0364334951e+00 1.8871340552e+00 1.4652854261e+00 8.5606531152e-01 3.8348582759e-01 8.5606531152e-01 1.4652854261e+00 1.8871340552e+00 2.0364334951e+00 1.8871340552e+00 1.4652854261e+00 8.5606531152e-01 3.8348582759e-01 8.5606531152e-01 1.4652854261e+00 1.8871340552e+00
2.7918300945e+00 2.6411150116e+00 2.2130594701e+00 1.5780390142e+00 8.5606531152e-01 3.8348582759e-01 7.5369981890e-01 1.1483180114e+00 1.2928187648e+00 1.1483180114e+00 7.5369981890e-01 3.8348582759e-01 8.5606531152e-01 1.5780390142e+00 2.2130594701e+00 2.6411150116e+00
3.4356827021e+00 3.2844370601e+00 2.8543057615e+00 2.2130594701e+00 1.4652854261e+00 7.5369981890e-01 3.8348582759e-01 5.7881178533e-01 7.0014793471e-01 5.7881178533e-01 3.8348582759e-01 7.5369981890e-01 1.4652854261e+00 2.2130594701e+00 2.8543057615e+00 3.2844370601e+00
3.8668218478e+00 3.7153621128e+00 3.2844370601e+00 2.6411150116e+00 1.8871340552e+00 1.1483180114e+00 5.7881178533e-01 3.8348582759e-01 4.1259990578e-01 3.8348582759e-01 5.7881178533e-01 1.1483180114e+00 1.8871340552e+00 2.6411150116e+00 3.2844370601e+00 3.7153621128e+00
