# 2023-03-14 09:31:05
#
# U_MIN=-2.000000   U_MAX=-1.000000

-4.0195756506e+00 -3.7530243327e+00 -3.0260516207e+00 -2.0388693953e+00 -1.0756339578e+00 -4.7831493912e-01 -3.9621763119e-01 -4.7831493912e-01 -1.0756339578e+00 -2.0388693953e+00 -3.0260516207e+00 -3.7530243327e+00
-3.7530243327e+00 -3.4866873119e+00 -2.7606321788e+00 -1.7767916060e+00 -8.3239821968e-01 -3.9621763119e-01 -4.7831493912e-01 -3.9621763119e-01 -8.3239821968e-01 -1.7767916060e+00 -2.7606321788e+00 -3.4866873119e+00
-3.0260516207e+00 -2.7606321788e+00 -2.0388693953e+00 -1.0756339578e+00 -3.9621763119e-01 -8.3239821968e-01 -1.0756339578e+00 -8.3239821968e-01 -3.9621763119e-01 -1.0756339578e+00 -2.0388693953e+00 -2.7606321788e+00
-2.0388693953e+00 -1.7767916060e+00 -1.0756339578e+00 -3.9621763119e-01 -1.0756339578e+00 -1.7767916060e+00 -2.0388693953e+00 -1.7767916060e+00 -1.0756339578e+00 -3.9621763119e-01 -1.0756339578e+00 -1.7767916060e+00
-1.0756339578e+00 -8.3239821968e-01 -3.9621763119e-01 -1.0756339578e+00 -2.0388693953e+00 -2.7606321788e+00 -3.0260516207e+00 -2.7606321788e+00 -2.0388693953e+00 -1.0756339578e+00 -3.9621763119e-01 -8.3239821968e-01
-4.7831493912e-01 -3.9621763119e-01 -8.3239821968e-01 -1.7767916060e+00 -2.7606321788e+00 -3.4866873119e+00 -3.7530243327e+00 -3.4866873119e+00 -2.7606321788e+00 -1.7767916060e+00 -8.3239821968e-01 -3.9621763119e-01
-3.9621763119e-01 -4.7831493912e-01 -1.0756339578e+00 -2.0388693953e+00 -3.0260516207e+00 -3.7530243327e+00 -4.0195756506e+00 -3.7530243327e+00 -3.0260516207e+00 -2.0388693953e+00 -1.0756339578e+00 -4.7831493912e-01
-4.7831493912e-01 -3.9621763119e-01 -8.3239821968e-01 -1.7767916060e+00 -2.7606321788e+00 -3.4866873119e+00 -3.7530243327e+00 -3.4866873119e+00 -2.7606321788e+00 -1.7767916060e+00 -8.3239821968e-01 -3.9621763119e-01
-1.0756339578e+00 -8.3239821968e-01 -3.9621763119e-01 -1.0756339578e+00 -2.0388693953e+00 -2.7606321788e+00 -3.0260516207e+00 -2.7606321788e+00 -2.0388693953e+00 -1.0756339578e+00 -3.9621763119e-01 -8.3239821968e-01
-2.0388693953e+00 -1.7767916060e+00 -1.0756339578e+00 -3.9621763119e-01 -1.0756339578e+00 -1.7767916060e+00 -2.0388693953e+00 -1.7767916060e+00 -1.0756339578e+00 -3.9621763119e-01 -1.0756339578e+00 -1.7767916060e+00
-3.0260516207e+00 -2.7606321788e+00 -2.0388693953e+00 -1.0756339578e+00 -3.9621763119e-01 -8.3239821968e-01 -1.0756339578e+00 -8.3239821968e-01 -3.9621763119e-01 -1.0756339578e+00 -2.0388693953e+00 -2.7606321788e+00
-3.7530243327e+00 -3.4866873119e+00 -2.7606321788e+00 -1.7767916060e+00 -8.3239821968e-01 -3.9621763119e-01 -4.7831493912e-01 -3.9621763119e-01 -8.3239821968e-01 -1.7767916060e+00 -2.7606321788e+00 -3.4866873119e+00
4.0195756506e+00 3.7530243327e+00 3.0260516207e+00 2.0388693953e+00 1.0756339578e+00 4.7831493912e-01 3.9621763119e-01 4.7831493912e-01 1.0756339578e+00 2.0388693953e+00 3.0260516207e+00 3.7530243327e+00
3.7530243327e+00 3.4866873119e+00 2.7606321788e+00 1.7767916060e+00 8.3239821968e-01 3.9621763119e-01 4.7831493912e-01 3.9621763119e-01 8.3239821968e-01 1.7767916060e+00 2.7606321788e+00 3.4866873119e+00
3.0260516207e+00 2.7606321788e+00 2.0388693953e+00 1.0756339578e+00 3.9621763119e-01 8.3239821968e-01 1.0756339578e+00 8.3239821968e-01 3.9621763119e-01 1.0756339578e+00 2.0388693953e+00 2.7606321788e+00
2.0388693953e+00 1.7767916060e+00 1.0756339578e+00 3.9621763119e-01 1.0756339578e+00 1.7767916060e+00 2.0388693953e+00 1.7767916060e+00 1.0756339578e+00 3.9621763119e-01 1.0756339578e+00 1.7767916060e+00
1.0756339578e+00 8.3239821968e-01 3.9621763119e-01 1.0756339578e+00 2.0388693953e+00 2.7606321788e+00 3.0260516207e+00 2.7606321788e+00 2.0388693953e+00 1.0756339578e+00 3.9621763119e-01 8.3239821968e-01
4.7831493912e-01 3.9621763119e-01 8.3239821968e-01 1.7767916060e+00 2.7606321788e+00 3.4866873119e+00 3.7530243327e+00 3.4866873119e+00 2.7606321788e+00 1.7767916060e+00 8.3239821968e-01 3.9621763119e-01
3.9621763119e-01 4.7831493912e-01 1.0756339578e+00 2.0388693953e+00 3.0260516207e+00 3.7530243327e+00 4.0195756506e+00 3.7530243327e+00 3.0260516207e+00 2.0388693953e+00 1.0756339578e+00 4.7831493912e-01
4.7831493912e-01 3.9621763119e-01 8.3239821968e-01 1.7767916060e+00 2.7606321788e+00 3.4866873119e+00 3.7530243327e+00 3.4866873119e+00 2.7606321788e+00 1.7767916060e+00 8.3239821968e-01 3.9621763119e-01
1.0756339578e+00 8.3239821968e-01 3.9621763119e-01 1.0756339578e+00 2.0388693953e+00 2.7606321788e+00 3.0260516207e+00 2.7606321788e+00 2.0388693953e+00 1.0756339578e+00 3.9621763119e-01 8.3239821968e-01
2.0388693953e+00 1.7767916060e+00 1.0756339578e+00 3.9621763119e-01 1.0756339578e+00 1.7767916060e+00 2.0388693953e+00 1.7767916060e+00 1.0756339578e+00 3.9621763119e-01 1.0756339578e+00 1.7767916060e+00
3.0260516207e+00 2.7606321788e+00 2.0388693953e+00 1.0756339578e+00 3.9621763119e-01 8.3239821968e-01 1.0756339578e+00 8.3239821968e-01 3.9621763119e-01 1.0756339578e+00 2.0388693953e+00 2.7606321788e+00
3.7530243327e+00 3.4866873119e+00 2.7606321788e+00 1.7767916060e+00 8.3239821968e-01 3.9621763119e-01 4.7831493912e-01 3.9621763119e-01 8.3239821968e-01 1.7767916060e+00 2.7606321788e+00 3.4866873119e+00
