# 2023-03-14 09:05:45
#
# U_MIN=-2.000000   U_MAX=-1.000000

-4.0176419731e+00 -3.9990960437e+00 -3.9438083285e+00 -3.8528228252e+00 -3.7278589480e+00 -3.5712811953e+00 -3.3860577879e+00 -3.1757094289e+00 -2.9442497655e+00 -2.6961196821e+00 -2.4361183316e+00 -2.1693350223e+00 -1.9010880635e+00 -1.6368800557e+00 -1.3823847313e+00 -1.1434885561e+00 -9.2641525398e-01 -7.3792753817e-01 -5.8537912889e-01 -4.7562786205e-01 -4.1092931079e-01 -3.8333736367e-01 -3.7655548127e-01 -3.7609443505e-01 -3.7655548127e-01 -3.8333736367e-01 -4.1092931079e-01 -4.7562786205e-01 -5.8537912889e-01 -7.3792753817e-01 -9.2641525398e-01 -1.1434885561e+00 -1.3823847313e+00 -1.6368800557e+00 -1.9010880635e+00 -2.1693350223e+00 -2.4361183316e+00 -2.6961196821e+00 -2.9442497655e+00 -3.1757094289e+00 -3.3860577879e+00 -3.5712811953e+00 -3.7278589480e+00 -3.8528228252e+00 -3.9438083285e+00 -3.9990960437e+00
-3.9990960437e+00 -3.9805508818e+00 -3.9252655194e+00 -3.8342841122e+00 -3.7093263597e+00 -3.5527572132e+00 -3.3675455785e+00 -3.1572131854e+00 -2.9257752292e+00 -2.6776749654e+00 -2.4177152640e+00 -2.1509914238e+00 -1.8828317259e+00 -1.6187559710e+00 -1.3644686930e+00 -1.1259135035e+00 -9.0942270184e-01 -7.2196282505e-01 -5.7122975571e-01 -4.6445807711e-01 -4.0378350341e-01 -3.8017287869e-01 -3.7609443505e-01 -3.7655548127e-01 -3.7609443505e-01 -3.8017287869e-01 -4.0378350341e-01 -4.6445807711e-01 -5.7122975571e-01 -7.2196282505e-01 -9.0942270184e-01 -1.1259135035e+00 -1.3644686930e+00 -1.6187559710e+00 -1.8828317259e+00 -2.1509914238e+00 -2.4177152640e+00 -2.6776749654e+00 -2.9257752292e+00 -3.1572131854e+00 -3.3675455785e+00 -3.5527572132e+00 -3.7093263597e+00 -3.8342841122e+00 -3.9252655194e+00 -3.9805508818e+00
-3.9438083285e+00 -3.9252655194e+00 -3.8699873721e+00 -3.7790185322e+00 -3.6540795874e+00 -3.4975368981e+00 -3.3123615104e+00 -3.1020783711e+00 -2.8707075459e+00 -2.6226997910e+00 -2.3628698076e+00 -2.0963321153e+00 -1.8284473043e+00 -1.5647915940e+00 -1.3111721130e+00 -1.0737264847e+00 -8.5916412712e-01 -6.7517644903e-01 -5.3068951826e-01 -4.3420523530e-01 -3.8704414818e-01 -3.7609443505e-01 -3.8017287869e-01 -3.8333736367e-01 -3.8017287869e-01 -3.7609443505e-01 -3.8704414818e-01 -4.3420523530e-01 -5.3068951826e-01 -6.7517644903e-01 -8.5916412712e-01 -1.0737264847e+00 -1.3111721130e+00 -1.5647915940e+00 -1.8284473043e+00 -2.0963321153e+00 -2.3628698076e+00 -2.6226997910e+00 -2.8707075459e+00 -3.1020783711e+00 -3.3123615104e+00 -3.4975368981e+00 -3.6540795874e+00 -3.7790185322e+00 -3.8699873721e+00 -3.9252655194e+00
-3.8528228252e+00 -3.8342841122e+00 -3.7790185322e+00 -3.6880716058e+00 -3.5631655110e+00 -3.4066691411e+00 -3.2215574088e+00 -3.0113611136e+00 -2.7801092573e+00 -2.5322665042e+00 -2.2726697833e+00 -2.0064703139e+00 -1.7390916354e+00 -1.4762227038e+00 -1.2238822695e+00 -9.8862422083e-01 -7.7800540857e-01 -6.0141901290e-01 -4.7067614800e-01 -3.9650764604e-01 -3.7609443505e-01 -3.8704414818e-01 -4.0378350341e-01 -4.1092931079e-01 -4.0378350341e-01 -3.8704414818e-01 -3.7609443505e-01 -3.9650764604e-01 -4.7067614800e-01 -6.0141901290e-01 -7.7800540857e-01 -9.8862422083e-01 -1.2238822695e+00 -1.4762227038e+00 -1.7390916354e+00 -2.0064703139e+00 -2.2726697833e+00 -2.5322665042e+00 -2.7801092573e+00 -3.0113611136e+00 -3.2215574088e+00 -3.4066691411e+00 -3.5631655110e+00 -3.6880716058e+00 -3.7790185322e+00 -3.8342841122e+00
-3.7278589480e+00 -3.7093263597e+00 -3.6540795874e+00 -3.5631655110e+00 -3.4383087886e+00 -3.2818822889e+00 -3.0968670418e+00 -2.8868032033e+00 -2.6557342525e+00 -2.4081477589e+00 -2.1489180116e+00 -1.8832595002e+00 -1.6167077874e+00 -1.3551606445e+00 -1.1050490521e+00 -8.7378972904e-01 -6.7082264103e-01 -5.0950865665e-01 -4.0770932392e-01 -3.7609443505e-01 -3.9650764604e-01 -4.3420523530e-01 -4.6445807711e-01 -4.7562786205e-01 -4.6445807711e-01 -4.3420523530e-01 -3.9650764604e-01 -3.7609443505e-01 -4.0770932392e-01 -5.0950865665e-01 -6.7082264103e-01 -8.7378972904e-01 -1.1050490521e+00 -1.3551606445e+00 -1.6167077874e+00 -1.8832595002e+00 -2.1489180116e+00 -2.4081477589e+00 -2.6557342525e+00 -2.8868032033e+00 -3.0968670418e+00 -3.2818822889e+00 -3.4383087886e+00 -3.5631655110e+00 -3.6540795874e+00 -3.7093263597e+00
-3.5712811953e+00 -3.5527572132e+00 -3.4975368981e+00 -3.4066691411e+00 -3.2818822889e+00 -3.1255551712e+00 -2.9406780954e+00 -2.7308056177e+00 -2.5000039119e+00 -2.2527972919e+00 -1.9941217262e+00 -1.7292999863e+00 -1.4640682613e+00 -1.2047204801e+00 -9.5852871593e-01 -7.3483144471e-01 -5.4763156401e-01 -4.1971512463e-01 -3.7609443505e-01 -4.0770932392e-01 -4.7067614800e-01 -5.3068951826e-01 -5.7122975571e-01 -5.8537912889e-01 -5.7122975571e-01 -5.3068951826e-01 -4.7067614800e-01 -4.0770932392e-01 -3.7609443505e-01 -4.1971512463e-01 -5.4763156401e-01 -7.3483144471e-01 -9.5852871593e-01 -1.2047204801e+00 -1.4640682613e+00 -1.7292999863e+00 -1.9941217262e+00 -2.2527972919e+00 -2.5000039119e+00 -2.7308056177e+00 -2.9406780954e+00 -3.1255551712e+00 -3.2818822889e+00 -3.4066691411e+00 -3.4975368981e+00 -3.5527572132e+00
-3.3860577879e+00 -3.3675455785e+00 -3.3123615104e+00 -3.2215574088e+00 -3.0968670418e+00 -2.9406780954e+00 -2.7559948689e+00 -2.5463940592e+00 -2.3159776022e+00 -2.0693295221e+00 -1.8114899735e+00 -1.5479738031e+00 -1.2848959940e+00 -1.0293606096e+00 -7.9054067627e-01 -5.8262410902e-01 -4.3160542289e-01 -3.7609443505e-01 -4.1971512463e-01 -5.0950865665e-01 -6.0141901290e-01 -6.7517644903e-01 -7.2196282505e-01 -7.3792753817e-01 -7.2196282505e-01 -6.7517644903e-01 -6.0141901290e-01 -5.0950865665e-01 -4.1971512463e-01 -3.7609443505e-01 -4.3160542289e-01 -5.8262410902e-01 -7.9054067627e-01 -1.0293606096e+00 -1.2848959940e+00 -1.5479738031e+00 -1.8114899735e+00 -2.0693295221e+00 -2.3159776022e+00 -2.5463940592e+00 -2.7559948689e+00 -2.9406780954e+00 -3.0968670418e+00 -3.2215574088e+00 -3.3123615104e+00 -3.3675455785e+00
-3.1757094289e+00 -3.1572131854e+00 -3.1020783711e+00 -3.0113611136e+00 -2.8868032033e+00 -2.7308056177e+00 -2.5463940592e+00 -2.3371799517e+00 -2.1073231334e+00 -1.8615082807e+00 -1.6049603826e+00 -1.3435580981e+00 -1.0841971464e+00 -8.3584242748e-01 -6.1263150212e-01 -4.4254211357e-01 -3.7609443505e-01 -4.3160542289e-01 -5.4763156401e-01 -6.7082264103e-01 -7.7800540857e-01 -8.5916412712e-01 -9.0942270184e-01 -9.2641525398e-01 -9.0942270184e-01 -8.5916412712e-01 -7.7800540857e-01 -6.7082264103e-01 -5.4763156401e-01 -4.3160542289e-01 -3.7609443505e-01 -4.4254211357e-01 -6.1263150212e-01 -8.3584242748e-01 -1.0841971464e+00 -1.3435580981e+00 -1.6049603826e+00 -1.8615082807e+00 -2.1073231334e+00 -2.3371799517e+00 -2.5463940592e+00 -2.7308056177e+00 -2.8868032033e+00 -3.0113611136e+00 -3.1020783711e+00 -3.1572131854e+00
-2.9442497655e+00 -2.9257752292e+00 -2.8707075459e+00 -2.7801092573e+00 -2.6557342525e+00 -2.5000039119e+00 -2.3159776022e+00 -2.1073231334e+00 -1.8782982849e+00 -1.6337671222e+00 -1.3793069866e+00 -1.1215534208e+00 -8.6922200843e-01 -6.3627021796e-01 -4.5181034424e-01 -3.7609443505e-01 -4.4254211357e-01 -5.8262410902e-01 -7.3483144471e-01 -8.7378972904e-01 -9.8862422083e-01 -1.0737264847e+00 -1.1259135035e+00 -1.1434885561e+00 -1.1259135035e+00 -1.0737264847e+00 -9.8862422083e-01 -8.7378972904e-01 -7.3483144471e-01 -5.8262410902e-01 -4.4254211357e-01 -3.7609443505e-01 -4.5181034424e-01 -6.3627021796e-01 -8.6922200843e-01 -1.1215534208e+00 -1.3793069866e+00 -1.6337671222e+00 -1.8782982849e+00 -2.1073231334e+00 -2.3159776022e+00 -2.5000039119e+00 -2.6557342525e+00 -2.7801092573e+00 -2.8707075459e+00 -2.9257752292e+00
-2.6961196821e+00 -2.6776749654e+00 -2.6226997910e+00 -2.5322665042e+00 -2.4081477589e+00 -2.2527972919e+00 -2.0693295221e+00 -1.8615082807e+00 -1.6337671222e+00 -1.3913147374e+00 -1.1404683273e+00 -8.8964964675e-01 -6.5255544379e-01 -4.5884166517e-01 -3.7609443505e-01 -4.5181034424e-01 -6.1263150212e-01 -7.9054067627e-01 -9.5852871593e-01 -1.1050490521e+00 -1.2238822695e+00 -1.3111721130e+00 -1.3644686930e+00 -1.3823847313e+00 -1.3644686930e+00 -1.3111721130e+00 -1.2238822695e+00 -1.1050490521e+00 -9.5852871593e-01 -7.9054067627e-01 -6.1263150212e-01 -4.5181034424e-01 -3.7609443505e-01 -4.5884166517e-01 -6.5255544379e-01 -8.8964964675e-01 -1.1404683273e+00 -1.3913147374e+00 -1.6337671222e+00 -1.8615082807e+00 -2.0693295221e+00 -2.2527972919e+00 -2.4081477589e+00 -2.5322665042e+00 -2.6226997910e+00 -2.6776749654e+00
-2.4361183316e+00 -2.4177152640e+00 -2.3628698076e+00 -2.2726697833e+00 -2.1489180116e+00 -1.9941217262e+00 -1.8114899735e+00 -1.6049603826e+00 -1.3793069866e+00 -1.1404683273e+00 -8.9652474145e-01 -6.6085336024e-01 -4.6322553280e-01 -3.7609443505e-01 -4.5884166517e-01 -6.3627021796e-01 -8.3584242748e-01 -1.0293606096e+00 -1.2047204801e+00 -1.3551606445e+00 -1.4762227038e+00 -1.5647915940e+00 -1.6187559710e+00 -1.6368800557e+00 -1.6187559710e+00 -1.5647915940e+00 -1.4762227038e+00 -1.3551606445e+00 -1.2047204801e+00 -1.0293606096e+00 -8.3584242748e-01 -6.3627021796e-01 -4.5884166517e-01 -3.7609443505e-01 -4.6322553280e-01 -6.6085336024e-01 -8.9652474145e-01 -1.1404683273e+00 -1.3793069866e+00 -1.6049603826e+00 -1.8114899735e+00 -1.9941217262e+00 -2.1489180116e+00 -2.2726697833e+00 -2.3628698076e+00 -2.4177152640e+00
-2.1693350223e+00 -2.1509914238e+00 -2.0963321153e+00 -2.0064703139e+00 -1.8832595002e+00 -1.7292999863e+00 -1.5479738031e+00 -1.3435580981e+00 -1.1215534208e+00 -8.8964964675e-01 -6.6085336024e-01 -4.6471438086e-01 -3.7609443505e-01 -4.6322553280e-01 -6.5255544379e-01 -8.6922200843e-01 -1.0841971464e+00 -1.2848959940e+00 -1.4640682613e+00 -1.6167077874e+00 -1.7390916354e+00 -1.8284473043e+00 -1.8828317259e+00 -1.9010880635e+00 -1.8828317259e+00 -1.8284473043e+00 -1.7390916354e+00 -1.6167077874e+00 -1.4640682613e+00 -1.2848959940e+00 -1.0841971464e+00 -8.6922200843e-01 -6.5255544379e-01 -4.6322553280e-01 -3.7609443505e-01 -4.6471438086e-01 -6.6085336024e-01 -8.8964964675e-01 -1.1215534208e+00 -1.3435580981e+00 -1.5479738031e+00 -1.7292999863e+00 -1.8832595002e+00 -2.0064703139e+00 -2.0963321153e+00 -2.1509914238e+00
-1.9010880635e+00 -1.8828317259e+00 -1.8284473043e+00 -1.7390916354e+00 -1.6167077874e+00 -1.4640682613e+00 -1.2848959940e+00 -1.0841971464e+00 -8.6922200843e-01 -6.5255544379e-01 -4.6322553280e-01 -3.7609443505e-01 -4.6471438086e-01 -6.6085336024e-01 -8.8964964675e-01 -1.1215534208e+00 -1.3435580981e+00 -1.5479738031e+00 -1.7292999863e+00 -1.8832595002e+00 -2.0064703139e+00 -2.0963321153e+00 -2.1509914238e+00 -2.1693350223e+00 -2.1509914238e+00 -2.0963321153e+00 -2.0064703139e+00 -1.8832595002e+00 -1.7292999863e+00 -1.5479738031e+00 -1.3435580981e+00 -1.1215534208e+00 -8.8964964675e-01 -6.6085336024e-01 -4.6471438086e-01 -3.7609443505e-01 -4.6322553280e-01 -6.5255544379e-01 -8.6922200843e-01 -1.0841971464e+00 -1.2848959940e+00 -1.4640682613e+00 -1.6167077874e+00 -1.7390916354e+00 -1.8284473043e+00 -1.8828317259e+00
-1.6368800557e+00 -1.6187559710e+00 -1.5647915940e+00 -1.4762227038e+00 -1.3551606445e+00 -1.2047204801e+00 -1.0293606096e+00 -8.3584242748e-01 -6.3627021796e-01 -4.5884166517e-01 -3.7609443505e-01 -4.6322553280e-01 -6.6085336024e-01 -8.9652474145e-01 -1.1404683273e+00 -1.3793069866e+00 -1.6049603826e+00 -1.8114899735e+00 -1.9941217262e+00 -2.1489180116e+00 -2.2726697833e+00 -2.3628698076e+00 -2.4177152640e+00 -2.4361183316e+00 -2.4177152640e+00 -2.3628698076e+00 -2.2726697833e+00 -2.1489180116e+00 -1.9941217262e+00 -1.8114899735e+00 -1.6049603826e+00 -1.3793069866e+00 -1.1404683273e+00 -8.9652474145e-01 -6.6085336024e-01 -4.6322553280e-01 -3.7609443505e-01 -4.5884166517e-01 -6.3627021796e-01 -8.3584242748e-01 -1.0293606096e+00 -1.2047204801e+00 -1.3551606445e+00 -1.4762227038e+00 -1.5647915940e+00 -1.6187559710e+00
-1.3823847313e+00 -1.3644686930e+00 -1.3111721130e+00 -1.2238822695e+00 -1.1050490521e+00 -9.5852871593e-01 -7.9054067627e-01 -6.1263150212e-01 -4.5181034424e-01 -3.7609443505e-01 -4.5884166517e-01 -6.5255544379e-01 -8.8964964675e-01 -1.1404683273e+00 -1.3913147374e+00 -1.6337671222e+00 -1.8615082807e+00 -2.0693295221e+00 -2.2527972919e+00 -2.4081477589e+00 -2.5322665042e+00 -2.6226997910e+00 -2.6776749654e+00 -2.6961196821e+00 -2.6776749654e+00 -2.6226997910e+00 -2.5322665042e+00 -2.4081477589e+00 -2.2527972919e+00 -2.0693295221e+00 -1.8615082807e+00 -1.6337671222e+00 -1.3913147374e+00 -1.1404683273e+00 -8.8964964675e-01 -6.5255544379e-01 -4.5884166517e-01 -3.7609443505e-01 -4.5181034424e-01 -6.1263150212e-01 -7.9054067627e-01 -9.5852871593e-01 -1.1050490521e+00 -1.2238822695e+00 -1.3111721130e+00 -1.3644686930e+00
-1.1434885561e+00 -1.1259135035e+00 -1.0737264847e+00 -9.8862422083e-01 -8.7378972904e-01 -7.3483144471e-01 -5.8262410902e-01 -4.4254211357e-01 -3.7609443505e-01 -4.5181034424e-01 -6.3627021796e-01 -8.6922200843e-01 -1.1215534208e+00 -1.3793069866e+00 -1.6337671222e+00 -1.8782982849e+00 -2.1073231334e+00 -2.3159776022e+00 -2.5000039119e+00 -2.6557342525e+00 -2.7801092573e+00 -2.8707075459e+00 -2.9257752292e+00 -2.9442497655e+00 -2.9257752292e+00 -2.8707075459e+00 -2.7801092573e+00 -2.6557342525e+00 -2.5000039119e+00 -2.3159776022e+00 -2.1073231334e+00 -1.8782982849e+00 -1.6337671222e+00 -1.3793069866e+00 -1.1215534208e+00 -8.6922200843e-01 -6.3627021796e-01 -4.5181034424e-01 -3.7609443505e-01 -4.4254211357e-01 -5.8262410902e-01 -7.3483144471e-01 -8.7378972904e-01 -9.8862422083e-01 -1.0737264847e+00 -1.1259135035e+00
-9.2641525398e-01 -9.0942270184e-01 -8.5916412712e-01 -7.7800540857e-01 -6.7082264103e-01 -5.4763156401e-01 -4.3160542289e-01 -3.7609443505e-01 -4.4254211357e-01 -6.1263150212e-01 -8.3584242748e-01 -1.0841971464e+00 -1.3435580981e+00 -1.6049603826e+00 -1.8615082807e+00 -2.1073231334e+00 -2.3371799517e+00 -2.5463940592e+00 -2.7308056177e+00 -2.8868032033e+00 -3.0113611136e+00 -3.1020783711e+00 -3.1572131854e+00 -3.1757094289e+00 -3.1572131854e+00 -3.1020783711e+00 -3.0113611136e+00 -2.8868032033e+00 -2.7308056177e+00 -2.5463940592e+00 -2.3371799517e+00 -2.1073231334e+00 -1.8615082807e+00 -1.6049603826e+00 -1.3435580981e+00 -1.0841971464e+00 -8.3584242748e-01 -6.1263150212e-01 -4.4254211357e-01 -3.7609443505e-01 -4.3160542289e-01 -5.4763156401e-01 -6.7082264103e-01 -7.7800540857e-01 -8.5916412712e-01 -9.0942270184e-01
-7.3792753817e-01 -7.2196282505e-01 -6.7517644903e-01 -6.0141901290e-01 -5.0950865665e-01 -4.1971512463e-01 -3.7609443505e-01 -4.3160542289e-01 -5.8262410902e-01 -7.9054067627e-01 -1.0293606096e+00 -1.2848959940e+00 -1.5479738031e+00 -1.8114899735e+00 -2.0693295221e+00 -2.3159776022e+00 -2.5463940592e+00 -2.7559948689e+00 -2.9406780954e+00 -3.0968670418e+00 -3.2215574088e+00 -3.3123615104e+00 -3.3675455785e+00 -3.3860577879e+00 -3.3675455785e+00 -3.3123615104e+00 -3.2215574088e+00 -3.0968670418e+00 -2.9406780954e+00 -2.7559948689e+00 -2.5463940592e+00 -2.3159776022e+00 -2.0693295221e+00 -1.8114899735e+00 -1.5479738031e+00 -1.2848959940e+00 -1.0293606096e+00 -7.9054067627e-01 -5.8262410902e-01 -4.3160542289e-01 -3.7609443505e-01 -4.1971512463e-01 -5.0950865665e-01 -6.0141901290e-01 -6.7517644903e-01 -7.2196282505e-01
-5.8537912889e-01 -5.7122975571e-01 -5.3068951826e-01 -4.7067614800e-01 -4.0770932392e-01 -3.7609443505e-01 -4.1971512463e-01 -5.4763156401e-01 -7.3483144471e-01 -9.5852871593e-01 -1.2047204801e+00 -1.4640682613e+00 -1.7292999863e+00 -1.9941217262e+00 -2.2527972919e+00 -2.5000039119e+00 -2.7308056177e+00 -2.9406780954e+00 -3.1255551712e+00 -3.2818822889e+00 -3.4066691411e+00 -3.4975368981e+00 -3.5527572132e+00 -3.5712811953e+00 -3.5527572132e+00 -3.4975368981e+00 -3.4066691411e+00 -3.2818822889e+00 -3.1255551712e+00 -2.9406780954e+00 -2.7308056177e+00 -2.5000039119e+00 -2.2527972919e+00 -1.9941217262e+00 -1.7292999863e+00 -1.4640682613e+00 -1.2047204801e+00 -9.5852871593e-01 -7.3483144471e-01 -5.4763156401e-01 -4.1971512463e-01 -3.7609443505e-01 -4.0770932392e-01 -4.7067614800e-01 -5.3068951826e-01 -5.7122975571e-01
-4.7562786205e-01 -4.6445807711e-01 -4.3420523530e-01 -3.9650764604e-01 -3.7609443505e-01 -4.0770932392e-01 -5.0950865665e-01 -6.7082264103e-01 -8.7378972904e-01 -1.1050490521e+00 -1.3551606445e+00 -1.6167077874e+00 -1.8832595002e+00 -2.1489180116e+00 -2.4081477589e+00 -2.6557342525e+00 -2.8868032033e+00 -3.0968670418e+00 -3.2818822889e+00 -3.4383087886e+00 -3.5631655110e+00 -3.6540795874e+00 -3.7093263597e+00 -3.7278589480e+00 -3.7093263597e+00 -3.6540795874e+00 -3.5631655110e+00 -3.4383087886e+00 -3.2818822889e+00 -3.0968670418e+00 -2.8868032033e+00 -2.6557342525e+00 -2.4081477589e+00 -2.1489180116e+00 -1.8832595002e+00 -1.6167077874e+00 -1.3551606445e+00 -1.1050490521e+00 -8.7378972904e-01 -6.7082264103e-01 -5.0950865665e-01 -4.0770932392e-01 -3.7609443505e-01 -3.9650764604e-01 -4.3420523530e-01 -4.6445807711e-01
-4.1092931079e-01 -4.0378350341e-01 -3.8704414818e-01 -3.7609443505e-01 -3.9650764604e-01 -4.7067614800e-01 -6.0141901290e-01 -7.7800540857e-01 -9.8862422083e-01 -1.2238822695e+00 -1.4762227038e+00 -1.7390916354e+00 -2.0064703139e+00 -2.2726697833e+00 -2.5322665042e+00 -2.7801092573e+00 -3.0113611136e+00 -3.2215574088e+00 -3.4066691411e+00 -3.5631655110e+00 -3.6880716058e+00 -3.7790185322e+00 -3.8342841122e+00 -3.8528228252e+00 -3.8342841122e+00 -3.7790185322e+00 -3.6880716058e+00 -3.5631655110e+00 -3.4066691411e+00 -3.2215574088e+00 -3.0113611136e+00 -2.7801092573e+00 -2.5322665042e+00 -2.2726697833e+00 -2.0064703139e+00 -1.7390916354e+00 -1.4762227038e+00 -1.2238822695e+00 -9.8862422083e-01 -7.7800540857e-01 -6.0141901290e-01 -4.7067614800e-01 -3.9650764604e-01 -3.7609443505e-01 -3.8704414818e-01 -4.0378350341e-01
-3.8333736367e-01 -3.8017287869e-01 -3.7609443505e-01 -3.8704414818e-01 -4.3420523530e-01 -5.3068951826e-01 -6.7517644903e-01 -8.5916412712e-01 -1.0737264847e+00 -1.3111721130e+00 -1.5647915940e+00 -1.8284473043e+00 -2.0963321153e+00 -2.3628698076e+00 -2.6226997910e+00 -2.8707075459e+00 -3.1020783711e+00 -3.3123615104e+00 -3.4975368981e+00 -3.6540795874e+00 -3.7790185322e+00 -3.8699873721e+00 -3.9252655194e+00 -3.9438083285e+00 -3.9252655194e+00 -3.8699873721e+00 -3.7790185322e+00 -3.6540795874e+00 -3.4975368981e+00 -3.3123615104e+00 -3.1020783711e+00 -2.8707075459e+00 -2.6226997910e+00 -2.3628698076e+00 -2.0963321153e+00 -1.8284473043e+00 -1.5647915940e+00 -1.3111721130e+00 -1.0737264847e+00 -8.5916412712e-01 -6.7517644903e-01 -5.3068951826e-01 -4.3420523530e-01 -3.8704414818e-01 -3.7609443505e-01 -3.8017287869e-01
-3.7655548127e-01 -3.7609443505e-01 -3.8017287869e-01 -4.0378350341e-01 -4.6445807711e-01 -5.7122975571e-01 -7.2196282505e-01 -9.0942270184e-01 -1.1259135035e+00 -1.3644686930e+00 -1.6187559710e+00 -1.8828317259e+00 -2.1509914238e+00 -2.4177152640e+00 -2.6776749654e+00 -2.9257752292e+00 -3.1572131854e+00 -3.3675455785e+00 -3.5527572132e+00 -3.7093263597e+00 -3.8342841122e+00 -3.9252655194e+00 -3.9805508818e+00 -3.9990960437e+00 -3.9805508818e+00 -3.9252655194e+00 -3.8342841122e+00 -3.7093263597e+00 -3.5527572132e+00 -3.3675455785e+00 -3.1572131854e+00 -2.9257752292e+00 -2.6776749654e+00 -2.4177152640e+00 -2.1509914238e+00 -1.8828317259e+00 -1.6187559710e+00 -1.3644686930e+00 -1.1259135035e+00 -9.0942270184e-01 -7.2196282505e-01 -5.7122975571e-01 -4.6445807711e-01 -4.0378350341e-01 -3.8017287869e-01 -3.7609443505e-01
-3.7609443505e-01 -3.7655548127e-01 -3.8333736367e-01 -4.1092931079e-01 -4.7562786205e-01 -5.8537912889e-01 -7.3792753817e-01 -9.2641525398e-01 -1.1434885561e+00 -1.3823847313e+00 -1.6368800557e+00 -1.9010880635e+00 -2.1693350223e+00 -2.4361183316e+00 -2.6961196821e+00 -2.9442497655e+00 -3.1757094289e+00 -3.3860577879e+00 -3.5712811953e+00 -3.7278589480e+00 -3.8528228252e+00 -3.9438083285e+00 -3.9990960437e+00 -4.0176419731e+00 -3.9990960437e+00 -3.9438083285e+00 -3.8528228252e+00 -3.7278589480e+00 -3.5712811953e+00 -3.3860577879e+00 -3.1757094289e+00 -2.9442497655e+00 -2.6961196821e+00 -2.4361183316e+00 -2.1693350223e+00 -1.9010880635e+00 -1.6368800557e+00 -1.3823847313e+00 -1.1434885561e+00 -9.2641525398e-01 -7.3792753817e-01 -5.8537912889e-01 -4.7562786205e-01 -4.1092931079e-01 -3.8333736367e-01 -3.7655548127e-01
-3.7655548127e-01 -3.7609443505e-01 -3.8017287869e-01 -4.0378350341e-01 -4.6445807711e-01 -5.7122975571e-01 -7.2196282505e-01 -9.0942270184e-01 -1.1259135035e+00 -1.3644686930e+00 -1.6187559710e+00 -1.8828317259e+00 -2.1509914238e+00 -2.4177152640e+00 -2.6776749654e+00 -2.9257752292e+00 -3.1572131854e+00 -3.3675455785e+00 -3.5527572132e+00 -3.7093263597e+00 -3.8342841122e+00 -3.9252655194e+00 -3.9805508818e+00 -3.9990960437e+00 -3.9805508818e+00 -3.9252655194e+00 -3.8342841122e+00 -3.7093263597e+00 -3.5527572132e+00 -3.3675455785e+00 -3.1572131854e+00 -2.9257752292e+00 -2.6776749654e+00 -2.4177152640e+00 -2.1509914238e+00 -1.8828317259e+00 -1.6187559710e+00 -1.3644686930e+00 -1.1259135035e+00 -9.0942270184e-01 -7.2196282505e-01 -5.7122975571e-01 -4.6445807711e-01 -4.0378350341e-01 -3.8017287869e-01 -3.7609443505e-01
-3.8333736367e-01 -3.8017287869e-01 -3.7609443505e-01 -3.8704414818e-01 -4.3420523530e-01 -5.3068951826e-01 -6.7517644903e-01 -8.5916412712e-01 -1.0737264847e+00 -1.3111721130e+00 -1.5647915940e+00 -1.8284473043e+00 -2.0963321153e+00 -2.3628698076e+00 -2.6226997910e+00 -2.8707075459e+00 -3.1020783711e+00 -3.3123615104e+00 -3.4975368981e+00 -3.6540795874e+00 -3.7790185322e+00 -3.8699873721e+00 -3.9252655194e+00 -3.9438083285e+00 -3.9252655194e+00 -3.8699873721e+00 -3.7790185322e+00 -3.6540795874e+00 -3.4975368981e+00 -3.3123615104e+00 -3.1020783711e+00 -2.8707075459e+00 -2.6226997910e+00 -2.3628698076e+00 -2.0963321153e+00 -1.8284473043e+00 -1.5647915940e+00 -1.3111721130e+00 -1.0737264847e+00 -8.5916412712e-01 -6.7517644903e-01 -5.3068951826e-01 -4.3420523530e-01 -3.8704414818e-01 -3.7609443505e-01 -3.8017287869e-01
-4.1092931079e-01 -4.0378350341e-01 -3.8704414818e-01 -3.7609443505e-01 -3.9650764604e-01 -4.7067614800e-01 -6.0141901290e-01 -7.7800540857e-01 -9.8862422083e-01 -1.2238822695e+00 -1.4762227038e+00 -1.7390916354e+00 -2.0064703139e+00 -2.2726697833e+00 -2.5322665042e+00 -2.7801092573e+00 -3.0113611136e+00 -3.2215574088e+00 -3.4066691411e+00 -3.5631655110e+00 -3.6880716058e+00 -3.7790185322e+00 -3.8342841122e+00 -3.8528228252e+00 -3.8342841122e+00 -3.7790185322e+00 -3.6880716058e+00 -3.5631655110e+00 -3.4066691411e+00 -3.2215574088e+00 -3.0113611136e+00 -2.7801092573e+00 -2.5322665042e+00 -2.2726697833e+00 -2.0064703139e+00 -1.7390916354e+00 -1.4762227038e+00 -1.2238822695e+00 -9.8862422083e-01 -7.7800540857e-01 -6.0141901290e-01 -4.7067614800e-01 -3.9650764604e-01 -3.7609443505e-01 -3.8704414818e-01 -4.0378350341e-01
-4.7562786205e-01 -4.6445807711e-01 -4.3420523530e-01 -3.9650764604e-01 -3.7609443505e-01 -4.0770932392e-01 -5.0950865665e-01 -6.7082264103e-01 -8.7378972904e-01 -1.1050490521e+00 -1.3551606445e+00 -1.6167077874e+00 -1.8832595002e+00 -2.1489180116e+00 -2.4081477589e+00 -2.6557342525e+00 -2.8868032033e+00 -3.0968670418e+00 -3.2818822889e+00 -3.4383087886e+00 -3.5631655110e+00 -3.6540795874e+00 -3.7093263597e+00 -3.7278589480e+00 -3.7093263597e+00 -3.6540795874e+00 -3.5631655110e+00 -3.4383087886e+00 -3.2818822889e+00 -3.0968670418e+00 -2.8868032033e+00 -2.6557342525e+00 -2.4081477589e+00 -2.1489180116e+00 -1.8832595002e+00 -1.6167077874e+00 -1.3551606445e+00 -1.1050490521e+00 -8.7378972904e-01 -6.7082264103e-01 -5.0950865665e-01 -4.0770932392e-01 -3.7609443505e-01 -3.9650764604e-01 -4.3420523530e-01 -4.6445807711e-01
-5.8537912889e-01 -5.7122975571e-01 -5.3068951826e-01 -4.7067614800e-01 -4.0770932392e-01 -3.7609443505e-01 -4.1971512463e-01 -5.4763156401e-01 -7.3483144471e-01 -9.5852871593e-01 -1.2047204801e+00 -1.4640682613e+00 -1.7292999863e+00 -1.9941217262e+00 -2.2527972919e+00 -2.5000039119e+00 -2.7308056177e+00 -2.9406780954e+00 -3.1255551712e+00 -3.2818822889e+00 -3.4066691411e+00 -3.4975368981e+00 -3.5527572132e+00 -3.5712811953e+00 -3.5527572132e+00 -3.4975368981e+00 -3.4066691411e+00 -3.2818822889e+00 -3.1255551712e+00 -2.9406780954e+00 -2.7308056177e+00 -2.5000039119e+00 -2.2527972919e+00 -1.9941217262e+00 -1.7292999863e+00 -1.4640682613e+00 -1.2047204801e+00 -9.5852871593e-01 -7.3483144471e-01 -5.4763156401e-01 -4.1971512463e-01 -3.7609443505e-01 -4.0770932392e-01 -4.7067614800e-01 -5.3068951826e-01 -5.7122975571e-01
-7.3792753817e-01 -7.2196282505e-01 -6.7517644903e-01 -6.0141901290e-01 -5.0950865665e-01 -4.1971512463e-01 -3.7609443505e-01 -4.3160542289e-01 -5.8262410902e-01 -7.9054067627e-01 -1.0293606096e+00 -1.2848959940e+00 -1.5479738031e+00 -1.8114899735e+00 -2.0693295221e+00 -2.3159776022e+00 -2.5463940592e+00 -2.7559948689e+00 -2.9406780954e+00 -3.0968670418e+00 -3.2215574088e+00 -3.3123615104e+00 -3.3675455785e+00 -3.3860577879e+00 -3.3675455785e+00 -3.3123615104e+00 -3.2215574088e+00 -3.0968670418e+00 -2.9406780954e+00 -2.7559948689e+00 -2.5463940592e+00 -2.3159776022e+00 -2.0693295221e+00 -1.8114899735e+00 -1.5479738031e+00 -1.2848959940e+00 -1.0293606096e+00 -7.9054067627e-01 -5.8262410902e-01 -4.3160542289e-01 -3.7609443505e-01 -4.1971512463e-01 -5.0950865665e-01 -6.0141901290e-01 -6.7517644903e-01 -7.2196282505e-01
-9.2641525398e-01 -9.0942270184e-01 -8.5916412712e-01 -7.7800540857e-01 -6.7082264103e-01 -5.4763156401e-01 -4.3160542289e-01 -3.7609443505e-01 -4.4254211357e-01 -6.1263150212e-01 -8.3584242748e-01 -1.0841971464e+00 -1.3435580981e+00 -1.6049603826e+00 -1.8615082807e+00 -2.1073231334e+00 -2.3371799517e+00 -2.5463940592e+00 -2.7308056177e+00 -2.8868032033e+00 -3.0113611136e+00 -3.1020783711e+00 -3.1572131854e+00 -3.1757094289e+00 -3.1572131854e+00 -3.1020783711e+00 -3.0113611136e+00 -2.8868032033e+00 -2.7308056177e+00 -2.5463940592e+00 -2.3371799517e+00 -2.1073231334e+00 -1.8615082807e+00 -1.6049603826e+00 -1.3435580981e+00 -1.0841971464e+00 -8.3584242748e-01 -6.1263150212e-01 -4.4254211357e-01 -3.7609443505e-01 -4.3160542289e-01 -5.4763156401e-01 -6.7082264103e-01 -7.7800540857e-01 -8.5916412712e-01 -9.0942270184e-01
-1.1434885561e+00 -1.1259135035e+00 -1.0737264847e+00 -9.8862422083e-01 -8.7378972904e-01 -7.3483144471e-01 -5.8262410902e-01 -4.4254211357e-01 -3.7609443505e-01 -4.5181034424e-01 -6.3627021796e-01 -8.6922200843e-01 -1.1215534208e+00 -1.3793069866e+00 -1.6337671222e+00 -1.8782982849e+00 -2.1073231334e+00 -2.3159776022e+00 -2.5000039119e+00 -2.6557342525e+00 -2.7801092573e+00 -2.8707075459e+00 -2.9257752292e+00 -2.9442497655e+00 -2.9257752292e+00 -2.8707075459e+00 -2.7801092573e+00 -2.6557342525e+00 -2.5000039119e+00 -2.3159776022e+00 -2.1073231334e+00 -1.8782982849e+00 -1.6337671222e+00 -1.3793069866e+00 -1.1215534208e+00 -8.6922200843e-01 -6.3627021796e-01 -4.5181034424e-01 -3.7609443505e-01 -4.4254211357e-01 -5.8262410902e-01 -7.3483144471e-01 -8.7378972904e-01 -9.8862422083e-01 -1.0737264847e+00 -1.1259135035e+00
-1.3823847313e+00 -1.3644686930e+00 -1.3111721130e+00 -1.2238822695e+00 -1.1050490521e+00 -9.5852871593e-01 -7.9054067627e-01 -6.1263150212e-01 -4.5181034424e-01 -3.7609443505e-01 -4.5884166517e-01 -6.5255544379e-01 -8.8964964675e-01 -1.1404683273e+00 -1.3913147374e+00 -1.6337671222e+00 -1.8615082807e+00 -2.0693295221e+00 -2.2527972919e+00 -2.4081477589e+00 -2.5322665042e+00 -2.6226997910e+00 -2.6776749654e+00 -2.6961196821e+00 -2.6776749654e+00 -2.6226997910e+00 -2.5322665042e+00 -2.4081477589e+00 -2.2527972919e+00 -2.0693295221e+00 -1.8615082807e+00 -1.6337671222e+00 -1.3913147374e+00 -1.1404683273e+00 -8.8964964675e-01 -6.5255544379e-01 -4.5884166517e-01 -3.7609443505e-01 -4.5181034424e-01 -6.1263150212e-01 -7.9054067627e-01 -9.5852871593e-01 -1.1050490521e+00 -1.2238822695e+00 -1.3111721130e+00 -1.3644686930e+00
-1.6368800557e+00 -1.6187559710e+00 -1.5647915940e+00 -1.4762227038e+00 -1.3551606445e+00 -1.2047204801e+00 -1.0293606096e+00 -8.3584242748e-01 -6.3627021796e-01 -4.5884166517e-01 -3.7609443505e-01 -4.6322553280e-01 -6.6085336024e-01 -8.9652474145e-01 -1.1404683273e+00 -1.3793069866e+00 -1.6049603826e+00 -1.8114899735e+00 -1.9941217262e+00 -2.1489180116e+00 -2.2726697833e+00 -2.3628698076e+00 -2.4177152640e+00 -2.4361183316e+00 -2.4177152640e+00 -2.3628698076e+00 -2.2726697833e+00 -2.1489180116e+00 -1.9941217262e+00 -1.8114899735e+00 -1.6049603826e+00 -1.3793069866e+00 -1.1404683273e+00 -8.9652474145e-01 -6.6085336024e-01 -4.6322553280e-01 -3.7609443505e-01 -4.5884166517e-01 -6.3627021796e-01 -8.3584242748e-01 -1.0293606096e+00 -1.2047204801e+00 -1.3551606445e+00 -1.4762227038e+00 -1.5647915940e+00 -1.6187559710e+00
-1.9010880635e+00 -1.8828317259e+00 -1.8284473043e+00 -1.7390916354e+00 -1.6167077874e+00 -1.4640682613e+00 -1.2848959940e+00 -1.0841971464e+00 -8.6922200843e-01 -6.5255544379e-01 -4.6322553280e-01 -3.7609443505e-01 -4.6471438086e-01 -6.6085336024e-01 -8.8964964675e-01 -1.1215534208e+00 -1.3435580981e+00 -1.5479738031e+00 -1.7292999863e+00 -1.8832595002e+00 -2.0064703139e+00 -2.0963321153e+00 -2.1509914238e+00 -2.1693350223e+00 -2.1509914238e+00 -2.0963321153e+00 -2.0064703139e+00 -1.8832595002e+00 -1.7292999863e+00 -1.5479738031e+00 -1.3435580981e+00 -1.1215534208e+00 -8.8964964675e-01 -6.6085336024e-01 -4.6471438086e-01 -3.7609443505e-01 -4.6322553280e-01 -6.5255544379e-01 -8.6922200843e-01 -1.0841971464e+00 -1.2848959940e+00 -1.4640682613e+00 -1.6167077874e+00 -1.7390916354e+00 -1.8284473043e+00 -1.8828317259e+00
-2.1693350223e+00 -2.1509914238e+00 -2.0963321153e+00 -2.0064703139e+00 -1.8832595002e+00 -1.7292999863e+00 -1.5479738031e+00 -1.3435580981e+00 -1.1215534208e+00 -8.8964964675e-01 -6.6085336024e-01 -4.6471438086e-01 -3.7609443505e-01 -4.6322553280e-01 -6.5255544379e-01 -8.6922200843e-01 -1.0841971464e+00 -1.2848959940e+00 -1.4640682613e+00 -1.6167077874e+00 -1.7390916354e+00 -1.8284473043e+00 -1.8828317259e+00 -1.9010880635e+00 -1.8828317259e+00 -1.8284473043e+00 -1.7390916354e+00 -1.6167077874e+00 -1.4640682613e+00 -1.2848959940e+00 -1.0841971464e+00 -8.6922200843e-01 -6.5255544379e-01 -4.6322553280e-01 -3.7609443505e-01 -4.6471438086e-01 -6.6085336024e-01 -8.8964964675e-01 -1.1215534208e+00 -1.3435580981e+00 -1.5479738031e+00 -1.7292999863e+00 -1.8832595002e+00 -2.0064703139e+00 -2.0963321153e+00 -2.1509914238e+00
-2.4361183316e+00 -2.4177152640e+00 -2.3628698076e+00 -2.2726697833e+00 -2.1489180116e+00 -1.9941217262e+00 -1.8114899735e+00 -1.6049603826e+00 -1.3793069866e+00 -1.1404683273e+00 -8.9652474145e-01 -6.6085336024e-01 -4.6322553280e-01 -3.7609443505e-01 -4.5884166517e-01 -6.3627021796e-01 -8.3584242748e-01 -1.0293606096e+00 -1.2047204801e+00 -1.3551606445e+00 -1.4762227038e+00 -1.5647915940e+00 -1.6187559710e+00 -1.6368800557e+00 -1.6187559710e+00 -1.5647915940e+00 -1.4762227038e+00 -1.3551606445e+00 -1.2047204801e+00 -1.0293606096e+00 -8.3584242748e-01 -6.3627021796e-01 -4.5884166517e-01 -3.7609443505e-01 -4.6322553280e-01 -6.6085336024e-01 -8.9652474145e-01 -1.1404683273e+00 -1.3793069866e+00 -1.6049603826e+00 -1.8114899735e+00 -1.9941217262e+00 -2.1489180116e+00 -2.2726697833e+00 -2.3628698076e+00 -2.4177152640e+00
-2.6961196821e+00 -2.6776749654e+00 -2.6226997910e+00 -2.5322665042e+00 -2.4081477589e+00 -2.2527972919e+00 -2.0693295221e+00 -1.8615082807e+00 -1.6337671222e+00 -1.3913147374e+00 -1.1404683273e+00 -8.8964964675e-01 -6.5255544379e-01 -4.5884166517e-01 -3.7609443505e-01 -4.5181034424e-01 -6.1263150212e-01 -7.9054067627e-01 -9.5852871593e-01 -1.1050490521e+00 -1.2238822695e+00 -1.3111721130e+00 -1.3644686930e+00 -1.3823847313e+00 -1.3644686930e+00 -1.3111721130e+00 -1.2238822695e+00 -1.1050490521e+00 -9.5852871593e-01 -7.9054067627e-01 -6.1263150212e-01 -4.5181034424e-01 -3.7609443505e-01 -4.5884166517e-01 -6.5255544379e-01 -8.8964964675e-01 -1.1404683273e+00 -1.3913147374e+00 -1.6337671222e+00 -1.8615082807e+00 -2.0693295221e+00 -2.2527972919e+00 -2.4081477589e+00 -2.5322665042e+00 -2.6226997910e+00 -2.6776749654e+00
-2.9442497655e+00 -2.9257752292e+00 -2.8707075459e+00 -2.7801092573e+00 -2.6557342525e+00 -2.5000039119e+00 -2.3159776022e+00 -2.1073231334e+00 -1.8782982849e+00 -1.6337671222e+00 -1.3793069866e+00 -1.1215534208e+00 -8.6922200843e-01 -6.3627021796e-01 -4.5181034424e-01 -3.7609443505e-01 -4.4254211357e-01 -5.8262410902e-01 -7.3483144471e-01 -8.7378972904e-01 -9.8862422083e-01 -1.0737264847e+00 -1.1259135035e+00 -1.1434885561e+00 -1.1259135035e+00 -1.0737264847e+00 -9.8862422083e-01 -8.7378972904e-01 -7.3483144471e-01 -5.8262410902e-01 -4.4254211357e-01 -3.7609443505e-01 -4.5181034424e-01 -6.3627021796e-01 -8.6922200843e-01 -1.1215534208e+00 -1.3793069866e+00 -1.6337671222e+00 -1.8782982849e+00 -2.1073231334e+00 -2.3159776022e+00 -2.5000039119e+00 -2.6557342525e+00 -2.7801092573e+00 -2.8707075459e+00 -2.9257752292e+00
-3.1757094289e+00 -3.1572131854e+00 -3.1020783711e+00 -3.0113611136e+00 -2.8868032033e+00 -2.7308056177e+00 -2.5463940592e+00 -2.3371799517e+00 -2.1073231334e+00 -1.8615082807e+00 -1.6049603826e+00 -1.3435580981e+00 -1.0841971464e+00 -8.3584242748e-01 -6.1263150212e-01 -4.4254211357e-01 -3.7609443505e-01 -4.3160542289e-01 -5.4763156401e-01 -6.7082264103e-01 -7.7800540857e-01 -8.5916412712e-01 -9.0942270184e-01 -9.2641525398e-01 -9.0942270184e-01 -8.5916412712e-01 -7.7800540857e-01 -6.7082264103e-01 -5.4763156401e-01 -4.3160542289e-01 -3.7609443505e-01 -4.4254211357e-01 -6.1263150212e-01 -8.3584242748e-01 -1.0841971464e+00 -1.3435580981e+00 -1.6049603826e+00 -1.8615082807e+00 -2.1073231334e+00 -2.3371799517e+00 -2.5463940592e+00 -2.7308056177e+00 -2.8868032033e+00 -3.0113611136e+00 -3.1020783711e+00 -3.1572131854e+00
-3.3860577879e+00 -3.3675455785e+00 -3.3123615104e+00 -3.2215574088e+00 -3.0968670418e+00 -2.9406780954e+00 -2.7559948689e+00 -2.5463940592e+00 -2.3159776022e+00 -2.0693295221e+00 -1.8114899735e+00 -1.5479738031e+00 -1.2848959940e+00 -1.0293606096e+00 -7.9054067627e-01 -5.8262410902e-01 -4.3160542289e-01 -3.7609443505e-01 -4.1971512463e-01 -5.0950865665e-01 -6.0141901290e-01 -6.7517644903e-01 -7.2196282505e-01 -7.3792753817e-01 -7.2196282505e-01 -6.7517644903e-01 -6.0141901290e-01 -5.0950865665e-01 -4.1971512463e-01 -3.7609443505e-01 -4.3160542289e-01 -5.8262410902e-01 -7.9054067627e-01 -1.0293606096e+00 -1.2848959940e+00 -1.5479738031e+00 -1.8114899735e+00 -2.0693295221e+00 -2.3159776022e+00 -2.5463940592e+00 -2.7559948689e+00 -2.9406780954e+00 -3.0968670418e+00 -3.2215574088e+00 -3.3123615104e+00 -3.3675455785e+00
-3.5712811953e+00 -3.5527572132e+00 -3.4975368981e+00 -3.4066691411e+00 -3.2818822889e+00 -3.1255551712e+00 -2.9406780954e+00 -2.7308056177e+00 -2.5000039119e+00 -2.2527972919e+00 -1.9941217262e+00 -1.7292999863e+00 -1.4640682613e+00 -1.2047204801e+00 -9.5852871593e-01 -7.3483144471e-01 -5.4763156401e-01 -4.1971512463e-01 -3.7609443505e-01 -4.0770932392e-01 -4.7067614800e-01 -5.3068951826e-01 -5.7122975571e-01 -5.8537912889e-01 -5.7122975571e-01 -5.3068951826e-01 -4.7067614800e-01 -4.0770932392e-01 -3.7609443505e-01 -4.1971512463e-01 -5.4763156401e-01 -7.3483144471e-01 -9.5852871593e-01 -1.2047204801e+00 -1.4640682613e+00 -1.7292999863e+00 -1.9941217262e+00 -2.2527972919e+00 -2.5000039119e+00 -2.7308056177e+00 -2.9406780954e+00 -3.1255551712e+00 -3.2818822889e+00 -3.4066691411e+00 -3.4975368981e+00 -3.5527572132e+00
-3.7278589480e+00 -3.7093263597e+00 -3.6540795874e+00 -3.5631655110e+00 -3.4383087886e+00 -3.2818822889e+00 -3.0968670418e+00 -2.8868032033e+00 -2.6557342525e+00 -2.4081477589e+00 -2.1489180116e+00 -1.8832595002e+00 -1.6167077874e+00 -1.3551606445e+00 -1.1050490521e+00 -8.7378972904e-01 -6.7082264103e-01 -5.0950865665e-01 -4.0770932392e-01 -3.7609443505e-01 -3.9650764604e-01 -4.3420523530e-01 -4.6445807711e-01 -4.7562786205e-01 -4.6445807711e-01 -4.3420523530e-01 -3.9650764604e-01 -3.7609443505e-01 -4.0770932392e-01 -5.0950865665e-01 -6.7082264103e-01 -8.7378972904e-01 -1.1050490521e+00 -1.3551606445e+00 -1.6167077874e+00 -1.8832595002e+00 -2.1489180116e+00 -2.4081477589e+00 -2.6557342525e+00 -2.8868032033e+00 -3.0968670418e+00 -3.2818822889e+00 -3.4383087886e+00 -3.5631655110e+00 -3.6540795874e+00 -3.7093263597e+00
-3.8528228252e+00 -3.8342841122e+00 -3.7790185322e+00 -3.6880716058e+00 -3.5631655110e+00 -3.4066691411e+00 -3.2215574088e+00 -3.0113611136e+00 -2.7801092573e+00 -2.5322665042e+00 -2.2726697833e+00 -2.0064703139e+00 -1.7390916354e+00 -1.4762227038e+00 -1.2238822695e+00 -9.8862422083e-01 -7.7800540857e-01 -6.0141901290e-01 -4.7067614800e-01 -3.9650764604e-01 -3.7609443505e-01 -3.8704414818e-01 -4.0378350341e-01 -4.1092931079e-01 -4.0378350341e-01 -3.8704414818e-01 -3.7609443505e-01 -3.9650764604e-01 -4.7067614800e-01 -6.0141901290e-01 -7.7800540857e-01 -9.8862422083e-01 -1.2238822695e+00 -1.4762227038e+00 -1.7390916354e+00 -2.0064703139e+00 -2.2726697833e+00 -2.5322665042e+00 -2.7801092573e+00 -3.0113611136e+00 -3.2215574088e+00 -3.4066691411e+00 -3.5631655110e+00 -3.6880716058e+00 -3.7790185322e+00 -3.8342841122e+00
-3.9438083285e+00 -3.9252655194e+00 -3.8699873721e+00 -3.7790185322e+00 -3.6540795874e+00 -3.4975368981e+00 -3.3123615104e+00 -3.1020783711e+00 -2.8707075459e+00 -2.6226997910e+00 -2.3628698076e+00 -2.0963321153e+00 -1.8284473043e+00 -1.5647915940e+00 -1.3111721130e+00 -1.0737264847e+00 -8.5916412712e-01 -6.7517644903e-01 -5.3068951826e-01 -4.3420523530e-01 -3.8704414818e-01 -3.7609443505e-01 -3.8017287869e-01 -3.8333736367e-01 -3.8017287869e-01 -3.7609443505e-01 -3.8704414818e-01 -4.3420523530e-01 -5.3068951826e-01 -6.7517644903e-01 -8.5916412712e-01 -1.0737264847e+00 -1.3111721130e+00 -1.5647915940e+00 -1.8284473043e+00 -2.0963321153e+00 -2.3628698076e+00 -2.6226997910e+00 -2.8707075459e+00 -3.1020783711e+00 -3.3123615104e+00 -3.4975368981e+00 -3.6540795874e+00 -3.7790185322e+00 -3.8699873721e+00 -3.9252655194e+00
-3.9990960437e+00 -3.9805508818e+00 -3.9252655194e+00 -3.8342841122e+00 -3.7093263597e+00 -3.5527572132e+00 -3.3675455785e+00 -3.1572131854e+00 -2.9257752292e+00 -2.6776749654e+00 -2.4177152640e+00 -2.1509914238e+00 -1.8828317259e+00 -1.6187559710e+00 -1.3644686930e+00 -1.1259135035e+00 -9.0942270184e-01 -7.2196282505e-01 -5.7122975571e-01 -4.6445807711e-01 -4.0378350341e-01 -3.8017287869e-01 -3.7609443505e-01 -3.7655548127e-01 -3.7609443505e-01 -3.8017287869e-01 -4.0378350341e-01 -4.6445807711e-01 -5.7122975571e-01 -7.2196282505e-01 -9.0942270184e-01 -1.1259135035e+00 -1.3644686930e+00 -1.6187559710e+00 -1.8828317259e+00 -2.1509914238e+00 -2.4177152640e+00 -2.6776749654e+00 -2.9257752292e+00 -3.1572131854e+00 -3.3675455785e+00 -3.5527572132e+00 -3.7093263597e+00 -3.8342841122e+00 -3.9252655194e+00 -3.9805508818e+00
4.0176419731e+00 3.9990960437e+00 3.9438083285e+00 3.8528228252e+00 3.7278589480e+00 3.5712811953e+00 3.3860577879e+00 3.1757094289e+00 2.9442497655e+00 2.6961196821e+00 2.4361183316e+00 2.1693350223e+00 1.9010880635e+00 1.6368800557e+00 1.3823847313e+00 1.1434885561e+00 9.2641525398e-01 7.3792753817e-01 5.8537912889e-01 4.7562786205e-01 4.1092931079e-01 3.8333736367e-01 3.7655548127e-01 3.7609443505e-01 3.7655548127e-01 3.8333736367e-01 4.1092931079e-01 4.7562786205e-01 5.8537912889e-01 7.3792753817e-01 9.2641525398e-01 1.1434885561e+00 1.3823847313e+00 1.6368800557e+00 1.9010880635e+00 2.1693350223e+00 2.4361183316e+00 2.6961196821e+00 2.9442497655e+00 3.1757094289e+00 3.3860577879e+00 3.5712811953e+00 3.7278589480e+00 3.8528228252e+00 3.9438083285e+00 3.9990960437e+00
3.9990960437e+00 3.9805508818e+00 3.9252655194e+00 3.8342841122e+00 3.7093263597e+00 3.5527572132e+00 3.3675455785e+00 3.1572131854e+00 2.9257752292e+00 2.6776749654e+00 2.4177152640e+00 2.1509914238e+00 1.8828317259e+00 1.6187559710e+00 1.3644686930e+00 1.1259135035e+00 9.0942270184e-01 7.2196282505e-01 5.7122975571e-01 4.6445807711e-01 4.0378350341e-01 3.8017287869e-01 3.7609443505e-01 3.7655548127e-01 3.7609443505e-01 3.8017287869e-01 4.0378350341e-01 4.6445807711e-01 5.7122975571e-01 7.2196282505e-01 9.0942270184e-01 1.1259135035e+00 1.3644686930e+00 1.6187559710e+00 1.8828317259e+00 2.1509914238e+00 2.4177152640e+00 2.6776749654e+00 2.9257752292e+00 3.1572131854e+00 3.3675455785e+00 3.5527572132e+00 3.7093263597e+00 3.8342841122e+00 3.9252655194e+00 3.9805508818e+00
