# 2023-03-13 10:22:08
#
# U_MIN=-2.000000   U_MAX=-1.000000

-4.0176444129e+00 -3.9931298985e+00 -3.9201980496e+00 -3.8006695893e+00 -3.6375316593e+00 -3.4348683931e+00 -3.1977671363e+00 -2.9322039700e+00 -2.6449137216e+00 -2.3432518679e+00 -2.0350593673e+00 -1.7285479096e+00 -1.4322348567e+00 -1.1549771106e+00 -9.0617361554e-01 -6.9614106265e-01 -5.3606404687e-01 -4.3472398102e-01 -3.8864956836e-01 -3.7692563779e-01 -3.7612049744e-01 -3.7692563779e-01 -3.8864956836e-01 -4.3472398102e-01 -5.3606404687e-01 -6.9614106265e-01 -9.0617361554e-01 -1.1549771106e+00 -1.4322348567e+00 -1.7285479096e+00 -2.0350593673e+00 -2.3432518679e+00 -2.6449137216e+00 -2.9322039700e+00 -3.1977671363e+00 -3.4348683931e+00 -3.6375316593e+00 -3.8006695893e+00 -3.9201980496e+00 -3.9931298985e+00
-3.9931298985e+00 -3.9686167312e+00 -3.8956890416e+00 -3.7761679264e+00 -3.6130412219e+00 -3.4103942071e+00 -3.1733160568e+00 -2.9077857802e+00 -2.6205429841e+00 -2.3189511867e+00 -2.0108654011e+00 -1.7045229981e+00 -1.4084906153e+00 -1.1317244231e+00 -8.8383061088e-01 -6.7555212569e-01 -5.1880673515e-01 -4.2291384831e-01 -3.8318949725e-01 -3.7612049744e-01 -3.7692563779e-01 -3.7612049744e-01 -3.8318949725e-01 -4.2291384831e-01 -5.1880673515e-01 -6.7555212569e-01 -8.8383061088e-01 -1.1317244231e+00 -1.4084906153e+00 -1.7045229981e+00 -2.0108654011e+00 -2.3189511867e+00 -2.6205429841e+00 -2.9077857802e+00 -3.1733160568e+00 -3.4103942071e+00 -3.6130412219e+00 -3.7761679264e+00 -3.8956890416e+00 -3.9686167312e+00
-3.9201980496e+00 -3.8956890416e+00 -3.8227741999e+00 -3.7032757944e+00 -3.5401838484e+00 -3.3375872592e+00 -3.1005810074e+00 -2.8351534522e+00 -2.5480595829e+00 -2.2466890580e+00 -1.9389431702e+00 -1.6331452617e+00 -1.3380305002e+00 -1.0629041010e+00 -8.1812631885e-01 -6.1604587624e-01 -4.7134650921e-01 -3.9482988084e-01 -3.7612049744e-01 -3.8318949725e-01 -3.8864956836e-01 -3.8318949725e-01 -3.7612049744e-01 -3.9482988084e-01 -4.7134650921e-01 -6.1604587624e-01 -8.1812631885e-01 -1.0629041010e+00 -1.3380305002e+00 -1.6331452617e+00 -1.9389431702e+00 -2.2466890580e+00 -2.5480595829e+00 -2.8351534522e+00 -3.1005810074e+00 -3.3375872592e+00 -3.5401838484e+00 -3.7032757944e+00 -3.8227741999e+00 -3.8956890416e+00
-3.8006695893e+00 -3.7761679264e+00 -3.7032757944e+00 -3.5838176079e+00 -3.4207874069e+00 -3.2182807795e+00 -2.9814035455e+00 -2.7161617415e+00 -2.4293399122e+00 -2.1283789917e+00 -1.8212734921e+00 -1.5165259869e+00 -1.2232390935e+00 -9.5152438282e-01 -7.1360996876e-01 -5.2606377038e-01 -4.1031178461e-01 -3.7612049744e-01 -3.9482988084e-01 -4.2291384831e-01 -4.3472398102e-01 -4.2291384831e-01 -3.9482988084e-01 -3.7612049744e-01 -4.1031178461e-01 -5.2606377038e-01 -7.1360996876e-01 -9.5152438282e-01 -1.2232390935e+00 -1.5165259869e+00 -1.8212734921e+00 -2.1283789917e+00 -2.4293399122e+00 -2.7161617415e+00 -2.9814035455e+00 -3.2182807795e+00 -3.4207874069e+00 -3.5838176079e+00 -3.7032757944e+00 -3.7761679264e+00
-3.6375316593e+00 -3.6130412219e+00 -3.5401838484e+00 -3.4207874069e+00 -3.2578524496e+00 -3.0554855326e+00 -2.8188105104e+00 -2.5538634163e+00 -2.2674802378e+00 -1.9671941212e+00 -1.6611744693e+00 -1.3582792272e+00 -1.0683944162e+00 -8.0351843549e-01 -5.8072417154e-01 -4.2779597334e-01 -3.7612049744e-01 -4.1031178461e-01 -4.7134650921e-01 -5.1880673515e-01 -5.3606404687e-01 -5.1880673515e-01 -4.7134650921e-01 -4.1031178461e-01 -3.7612049744e-01 -4.2779597334e-01 -5.8072417154e-01 -8.0351843549e-01 -1.0683944162e+00 -1.3582792272e+00 -1.6611744693e+00 -1.9671941212e+00 -2.2674802378e+00 -2.5538634163e+00 -2.8188105104e+00 -3.0554855326e+00 -3.2578524496e+00 -3.4207874069e+00 -3.5401838484e+00 -3.6130412219e+00
-3.4348683931e+00 -3.4103942071e+00 -3.3375872592e+00 -3.2182807795e+00 -3.0554855326e+00 -2.8533255385e+00 -2.6169539816e+00 -2.3524570584e+00 -2.0667599613e+00 -1.7675634541e+00 -1.4633750813e+00 -1.1637983621e+00 -8.8055013602e-01 -6.3066475748e-01 -4.4544038617e-01 -3.7612049744e-01 -4.2779597334e-01 -5.2606377038e-01 -6.1604587624e-01 -6.7555212569e-01 -6.9614106265e-01 -6.7555212569e-01 -6.1604587624e-01 -5.2606377038e-01 -4.2779597334e-01 -3.7612049744e-01 -4.4544038617e-01 -6.3066475748e-01 -8.8055013602e-01 -1.1637983621e+00 -1.4633750813e+00 -1.7675634541e+00 -2.0667599613e+00 -2.3524570584e+00 -2.6169539816e+00 -2.8533255385e+00 -3.0554855326e+00 -3.2182807795e+00 -3.3375872592e+00 -3.4103942071e+00
-3.1977671363e+00 -3.1733160568e+00 -3.1005810074e+00 -2.9814035455e+00 -2.8188105104e+00 -2.6169539816e+00 -2.3810356305e+00 -2.1172277862e+00 -1.8326166285e+00 -1.5352259050e+00 -1.2342741348e+00 -9.4112732149e-01 -6.7254263440e-01 -4.6159589669e-01 -3.7612049744e-01 -4.4544038617e-01 -5.8072417154e-01 -7.1360996876e-01 -8.1812631885e-01 -8.8383061088e-01 -9.0617361554e-01 -8.8383061088e-01 -8.1812631885e-01 -7.1360996876e-01 -5.8072417154e-01 -4.4544038617e-01 -3.7612049744e-01 -4.6159589669e-01 -6.7254263440e-01 -9.4112732149e-01 -1.2342741348e+00 -1.5352259050e+00 -1.8326166285e+00 -2.1172277862e+00 -2.3810356305e+00 -2.6169539816e+00 -2.8188105104e+00 -2.9814035455e+00 -3.1005810074e+00 -3.1733160568e+00
-2.9322039700e+00 -2.9077857802e+00 -2.8351534522e+00 -2.7161617415e+00 -2.5538634163e+00 -2.3524570584e+00 -2.1172277862e+00 -1.8545038717e+00 -1.5716832928e+00 -1.2774745317e+00 -9.8280014449e-01 -7.0400639467e-01 -4.7490619877e-01 -3.7612049744e-01 -4.6159589669e-01 -6.3066475748e-01 -8.0351843549e-01 -9.5152438282e-01 -1.0629041010e+00 -1.1317244231e+00 -1.1549771106e+00 -1.1317244231e+00 -1.0629041010e+00 -9.5152438282e-01 -8.0351843549e-01 -6.3066475748e-01 -4.6159589669e-01 -3.7612049744e-01 -4.7490619877e-01 -7.0400639467e-01 -9.8280014449e-01 -1.2774745317e+00 -1.5716832928e+00 -1.8545038717e+00 -2.1172277862e+00 -2.3524570584e+00 -2.5538634163e+00 -2.7161617415e+00 -2.8351534522e+00 -2.9077857802e+00
-2.6449137216e+00 -2.6205429841e+00 -2.5480595829e+00 -2.4293399122e+00 -2.2674802378e+00 -2.0667599613e+00 -1.8326166285e+00 -1.5716832928e+00 -1.2920258022e+00 -1.0040153748e+00 -7.2348644759e-01 -4.8434733573e-01 -3.7612049744e-01 -4.7490619877e-01 -6.7254263440e-01 -8.8055013602e-01 -1.0683944162e+00 -1.2232390935e+00 -1.3380305002e+00 -1.4084906153e+00 -1.4322348567e+00 -1.4084906153e+00 -1.3380305002e+00 -1.2232390935e+00 -1.0683944162e+00 -8.8055013602e-01 -6.7254263440e-01 -4.7490619877e-01 -3.7612049744e-01 -4.8434733573e-01 -7.2348644759e-01 -1.0040153748e+00 -1.2920258022e+00 -1.5716832928e+00 -1.8326166285e+00 -2.0667599613e+00 -2.2674802378e+00 -2.4293399122e+00 -2.5480595829e+00 -2.6205429841e+00
-2.3432518679e+00 -2.3189511867e+00 -2.2466890580e+00 -2.1283789917e+00 -1.9671941212e+00 -1.7675634541e+00 -1.5352259050e+00 -1.2774745317e+00 -1.0040153748e+00 -7.3007841924e-01 -4.8923777042e-01 -3.7612049744e-01 -4.8434733573e-01 -7.0400639467e-01 -9.4112732149e-01 -1.1637983621e+00 -1.3582792272e+00 -1.5165259869e+00 -1.6331452617e+00 -1.7045229981e+00 -1.7285479096e+00 -1.7045229981e+00 -1.6331452617e+00 -1.5165259869e+00 -1.3582792272e+00 -1.1637983621e+00 -9.4112732149e-01 -7.0400639467e-01 -4.8434733573e-01 -3.7612049744e-01 -4.8923777042e-01 -7.3007841924e-01 -1.0040153748e+00 -1.2774745317e+00 -1.5352259050e+00 -1.7675634541e+00 -1.9671941212e+00 -2.1283789917e+00 -2.2466890580e+00 -2.3189511867e+00
-2.0350593673e+00 -2.0108654011e+00 -1.9389431702e+00 -1.8212734921e+00 -1.6611744693e+00 -1.4633750813e+00 -1.2342741348e+00 -9.8280014449e-01 -7.2348644759e-01 -4.8923777042e-01 -3.7612049744e-01 -4.8923777042e-01 -7.2348644759e-01 -9.8280014449e-01 -1.2342741348e+00 -1.4633750813e+00 -1.6611744693e+00 -1.8212734921e+00 -1.9389431702e+00 -2.0108654011e+00 -2.0350593673e+00 -2.0108654011e+00 -1.9389431702e+00 -1.8212734921e+00 -1.6611744693e+00 -1.4633750813e+00 -1.2342741348e+00 -9.8280014449e-01 -7.2348644759e-01 -4.8923777042e-01 -3.7612049744e-01 -4.8923777042e-01 -7.2348644759e-01 -9.8280014449e-01 -1.2342741348e+00 -1.4633750813e+00 -1.6611744693e+00 -1.8212734921e+00 -1.9389431702e+00 -2.0108654011e+00
-1.7285479096e+00 -1.7045229981e+00 -1.6331452617e+00 -1.5165259869e+00 -1.3582792272e+00 -1.1637983621e+00 -9.4112732149e-01 -7.0400639467e-01 -4.8434733573e-01 -3.7612049744e-01 -4.8923777042e-01 -7.3007841924e-01 -1.0040153748e+00 -1.2774745317e+00 -1.5352259050e+00 -1.7675634541e+00 -1.9671941212e+00 -2.1283789917e+00 -2.2466890580e+00 -2.3189511867e+00 -2.3432518679e+00 -2.3189511867e+00 -2.2466890580e+00 -2.1283789917e+00 -1.9671941212e+00 -1.7675634541e+00 -1.5352259050e+00 -1.2774745317e+00 -1.0040153748e+00 -7.3007841924e-01 -4.8923777042e-01 -3.7612049744e-01 -4.8434733573e-01 -7.0400639467e-01 -9.4112732149e-01 -1.1637983621e+00 -1.3582792272e+00 -1.5165259869e+00 -1.6331452617e+00 -1.7045229981e+00
-1.4322348567e+00 -1.4084906153e+00 -1.3380305002e+00 -1.2232390935e+00 -1.0683944162e+00 -8.8055013602e-01 -6.7254263440e-01 -4.7490619877e-01 -3.7612049744e-01 -4.8434733573e-01 -7.2348644759e-01 -1.0040153748e+00 -1.2920258022e+00 -1.5716832928e+00 -1.8326166285e+00 -2.0667599613e+00 -2.2674802378e+00 -2.4293399122e+00 -2.5480595829e+00 -2.6205429841e+00 -2.6449137216e+00 -2.6205429841e+00 -2.5480595829e+00 -2.4293399122e+00 -2.2674802378e+00 -2.0667599613e+00 -1.8326166285e+00 -1.5716832928e+00 -1.2920258022e+00 -1.0040153748e+00 -7.2348644759e-01 -4.8434733573e-01 -3.7612049744e-01 -4.7490619877e-01 -6.7254263440e-01 -8.8055013602e-01 -1.0683944162e+00 -1.2232390935e+00 -1.3380305002e+00 -1.4084906153e+00
-1.1549771106e+00 -1.1317244231e+00 -1.0629041010e+00 -9.5152438282e-01 -8.0351843549e-01 -6.3066475748e-01 -4.6159589669e-01 -3.7612049744e-01 -4.7490619877e-01 -7.0400639467e-01 -9.8280014449e-01 -1.2774745317e+00 -1.5716832928e+00 -1.8545038717e+00 -2.1172277862e+00 -2.3524570584e+00 -2.5538634163e+00 -2.7161617415e+00 -2.8351534522e+00 -2.9077857802e+00 -2.9322039700e+00 -2.9077857802e+00 -2.8351534522e+00 -2.7161617415e+00 -2.5538634163e+00 -2.3524570584e+00 -2.1172277862e+00 -1.8545038717e+00 -1.5716832928e+00 -1.2774745317e+00 -9.8280014449e-01 -7.0400639467e-01 -4.7490619877e-01 -3.7612049744e-01 -4.6159589669e-01 -6.3066475748e-01 -8.0351843549e-01 -9.5152438282e-01 -1.0629041010e+00 -1.1317244231e+00
-9.0617361554e-01 -8.8383061088e-01 -8.1812631885e-01 -7.1360996876e-01 -5.8072417154e-01 -4.4544038617e-01 -3.7612049744e-01 -4.6159589669e-01 -6.7254263440e-01 -9.4112732149e-01 -1.2342741348e+00 -1.5352259050e+00 -1.8326166285e+00 -2.1172277862e+00 -2.3810356305e+00 -2.6169539816e+00 -2.8188105104e+00 -2.9814035455e+00 -3.1005810074e+00 -3.1733160568e+00 -3.1977671363e+00 -3.1733160568e+00 -3.1005810074e+00 -2.9814035455e+00 -2.8188105104e+00 -2.6169539816e+00 -2.3810356305e+00 -2.1172277862e+00 -1.8326166285e+00 -1.5352259050e+00 -1.2342741348e+00 -9.4112732149e-01 -6.7254263440e-01 -4.6159589669e-01 -3.7612049744e-01 -4.4544038617e-01 -5.8072417154e-01 -7.1360996876e-01 -8.1812631885e-01 -8.8383061088e-01
-6.9614106265e-01 -6.7555212569e-01 -6.1604587624e-01 -5.2606377038e-01 -4.2779597334e-01 -3.7612049744e-01 -4.4544038617e-01 -6.3066475748e-01 -8.8055013602e-01 -1.1637983621e+00 -1.4633750813e+00 -1.7675634541e+00 -2.0667599613e+00 -2.3524570584e+00 -2.6169539816e+00 -2.8533255385e+00 -3.0554855326e+00 -3.2182807795e+00 -3.3375872592e+00 -3.4103942071e+00 -3.4348683931e+00 -3.4103942071e+00 -3.3375872592e+00 -3.2182807795e+00 -3.0554855326e+00 -2.8533255385e+00 -2.6169539816e+00 -2.3524570584e+00 -2.0667599613e+00 -1.7675634541e+00 -1.4633750813e+00 -1.1637983621e+00 -8.8055013602e-01 -6.3066475748e-01 -4.4544038617e-01 -3.7612049744e-01 -4.2779597334e-01 -5.2606377038e-01 -6.1604587624e-01 -6.7555212569e-01
-5.3606404687e-01 -5.1880673515e-01 -4.7134650921e-01 -4.1031178461e-01 -3.7612049744e-01 -4.2779597334e-01 -5.8072417154e-01 -8.0351843549e-01 -1.0683944162e+00 -1.3582792272e+00 -1.6611744693e+00 -1.9671941212e+00 -2.2674802378e+00 -2.5538634163e+00 -2.8188105104e+00 -3.0554855326e+00 -3.2578524496e+00 -3.4207874069e+00 -3.5401838484e+00 -3.6130412219e+00 -3.6375316593e+00 -3.6130412219e+00 -3.5401838484e+00 -3.4207874069e+00 -3.2578524496e+00 -3.0554855326e+00 -2.8188105104e+00 -2.5538634163e+00 -2.2674802378e+00 -1.9671941212e+00 -1.6611744693e+00 -1.3582792272e+00 -1.0683944162e+00 -8.0351843549e-01 -5.8072417154e-01 -4.2779597334e-01 -3.7612049744e-01 -4.1031178461e-01 -4.7134650921e-01 -5.1880673515e-01
-4.3472398102e-01 -4.2291384831e-01 -3.9482988084e-01 -3.7612049744e-01 -4.1031178461e-01 -5.2606377038e-01 -7.1360996876e-01 -9.5152438282e-01 -1.2232390935e+00 -1.5165259869e+00 -1.8212734921e+00 -2.1283789917e+00 -2.4293399122e+00 -2.7161617415e+00 -2.9814035455e+00 -3.2182807795e+00 -3.4207874069e+00 -3.5838176079e+00 -3.7032757944e+00 -3.7761679264e+00 -3.8006695893e+00 -3.7761679264e+00 -3.7032757944e+00 -3.5838176079e+00 -3.4207874069e+00 -3.2182807795e+00 -2.9814035455e+00 -2.7161617415e+00 -2.4293399122e+00 -2.1283789917e+00 -1.8212734921e+00 -1.5165259869e+00 -1.2232390935e+00 -9.5152438282e-01 -7.1360996876e-01 -5.2606377038e-01 -4.1031178461e-01 -3.7612049744e-01 -3.9482988084e-01 -4.2291384831e-01
-3.8864956836e-01 -3.8318949725e-01 -3.7612049744e-01 -3.9482988084e-01 -4.7134650921e-01 -6.1604587624e-01 -8.1812631885e-01 -1.0629041010e+00 -1.3380305002e+00 -1.6331452617e+00 -1.9389431702e+00 -2.2466890580e+00 -2.5480595829e+00 -2.8351534522e+00 -3.1005810074e+00 -3.3375872592e+00 -3.5401838484e+00 -3.7032757944e+00 -3.8227741999e+00 -3.8956890416e+00 -3.9201980496e+00 -3.8956890416e+00 -3.8227741999e+00 -3.7032757944e+00 -3.5401838484e+00 -3.3375872592e+00 -3.1005810074e+00 -2.8351534522e+00 -2.5480595829e+00 -2.2466890580e+00 -1.9389431702e+00 -1.6331452617e+00 -1.3380305002e+00 -1.0629041010e+00 -8.1812631885e-01 -6.1604587624e-01 -4.7134650921e-01 -3.9482988084e-01 -3.7612049744e-01 -3.8318949725e-01
-3.7692563779e-01 -3.7612049744e-01 -3.8318949725e-01 -4.2291384831e-01 -5.1880673515e-01 -6.7555212569e-01 -8.8383061088e-01 -1.1317244231e+00 -1.4084906153e+00 -1.7045229981e+00 -2.0108654011e+00 -2.3189511867e+00 -2.6205429841e+00 -2.9077857802e+00 -3.1733160568e+00 -3.4103942071e+00 -3.6130412219e+00 -3.7761679264e+00 -3.8956890416e+00 -3.9686167312e+00 -3.9931298985e+00 -3.9686167312e+00 -3.8956890416e+00 -3.7761679264e+00 -3.6130412219e+00 -3.4103942071e+00 -3.1733160568e+00 -2.9077857802e+00 -2.6205429841e+00 -2.3189511867e+00 -2.0108654011e+00 -1.7045229981e+00 -1.4084906153e+00 -1.1317244231e+00 -8.8383061088e-01 -6.7555212569e-01 -5.1880673515e-01 -4.2291384831e-01 -3.8318949725e-01 -3.7612049744e-01
-3.7612049744e-01 -3.7692563779e-01 -3.8864956836e-01 -4.3472398102e-01 -5.3606404687e-01 -6.9614106265e-01 -9.0617361554e-01 -1.1549771106e+00 -1.4322348567e+00 -1.7285479096e+00 -2.0350593673e+00 -2.3432518679e+00 -2.6449137216e+00 -2.9322039700e+00 -3.1977671363e+00 -3.4348683931e+00 -3.6375316593e+00 -3.8006695893e+00 -3.9201980496e+00 -3.9931298985e+00 -4.0176444129e+00 -3.9931298985e+00 -3.9201980496e+00 -3.8006695893e+00 -3.6375316593e+00 -3.4348683931e+00 -3.1977671363e+00 -2.9322039700e+00 -2.6449137216e+00 -2.3432518679e+00 -2.0350593673e+00 -1.7285479096e+00 -1.4322348567e+00 -1.1549771106e+00 -9.0617361554e-01 -6.9614106265e-01 -5.3606404687e-01 -4.3472398102e-01 -3.8864956836e-01 -3.7692563779e-01
-3.7692563779e-01 -3.7612049744e-01 -3.8318949725e-01 -4.2291384831e-01 -5.1880673515e-01 -6.7555212569e-01 -8.8383061088e-01 -1.1317244231e+00 -1.4084906153e+00 -1.7045229981e+00 -2.0108654011e+00 -2.3189511867e+00 -2.6205429841e+00 -2.9077857802e+00 -3.1733160568e+00 -3.4103942071e+00 -3.6130412219e+00 -3.7761679264e+00 -3.8956890416e+00 -3.9686167312e+00 -3.9931298985e+00 -3.9686167312e+00 -3.8956890416e+00 -3.7761679264e+00 -3.6130412219e+00 -3.4103942071e+00 -3.1733160568e+00 -2.9077857802e+00 -2.6205429841e+00 -2.3189511867e+00 -2.0108654011e+00 -1.7045229981e+00 -1.4084906153e+00 -1.1317244231e+00 -8.8383061088e-01 -6.7555212569e-01 -5.1880673515e-01 -4.2291384831e-01 -3.8318949725e-01 -3.7612049744e-01
-3.8864956836e-01 -3.8318949725e-01 -3.7612049744e-01 -3.9482988084e-01 -4.7134650921e-01 -6.1604587624e-01 -8.1812631885e-01 -1.0629041010e+00 -1.3380305002e+00 -1.6331452617e+00 -1.9389431702e+00 -2.2466890580e+00 -2.5480595829e+00 -2.8351534522e+00 -3.1005810074e+00 -3.3375872592e+00 -3.5401838484e+00 -3.7032757944e+00 -3.8227741999e+00 -3.8956890416e+00 -3.9201980496e+00 -3.8956890416e+00 -3.8227741999e+00 -3.7032757944e+00 -3.5401838484e+00 -3.3375872592e+00 -3.1005810074e+00 -2.8351534522e+00 -2.5480595829e+00 -2.2466890580e+00 -1.9389431702e+00 -1.6331452617e+00 -1.3380305002e+00 -1.0629041010e+00 -8.1812631885e-01 -6.1604587624e-01 -4.7134650921e-01 -3.9482988084e-01 -3.7612049744e-01 -3.8318949725e-01
-4.3472398102e-01 -4.2291384831e-01 -3.9482988084e-01 -3.7612049744e-01 -4.1031178461e-01 -5.2606377038e-01 -7.1360996876e-01 -9.5152438282e-01 -1.2232390935e+00 -1.5165259869e+00 -1.8212734921e+00 -2.1283789917e+00 -2.4293399122e+00 -2.7161617415e+00 -2.9814035455e+00 -3.2182807795e+00 -3.4207874069e+00 -3.5838176079e+00 -3.7032757944e+00 -3.7761679264e+00 -3.8006695893e+00 -3.7761679264e+00 -3.7032757944e+00 -3.5838176079e+00 -3.4207874069e+00 -3.2182807795e+00 -2.9814035455e+00 -2.7161617415e+00 -2.4293399122e+00 -2.1283789917e+00 -1.8212734921e+00 -1.5165259869e+00 -1.2232390935e+00 -9.5152438282e-01 -7.1360996876e-01 -5.2606377038e-01 -4.1031178461e-01 -3.7612049744e-01 -3.9482988084e-01 -4.2291384831e-01
-5.3606404687e-01 -5.1880673515e-01 -4.7134650921e-01 -4.1031178461e-01 -3.7612049744e-01 -4.2779597334e-01 -5.8072417154e-01 -8.0351843549e-01 -1.0683944162e+00 -1.3582792272e+00 -1.6611744693e+00 -1.9671941212e+00 -2.2674802378e+00 -2.5538634163e+00 -2.8188105104e+00 -3.0554855326e+00 -3.2578524496e+00 -3.4207874069e+00 -3.5401838484e+00 -3.6130412219e+00 -3.6375316593e+00 -3.6130412219e+00 -3.5401838484e+00 -3.4207874069e+00 -3.2578524496e+00 -3.0554855326e+00 -2.8188105104e+00 -2.5538634163e+00 -2.2674802378e+00 -1.9671941212e+00 -1.6611744693e+00 -1.3582792272e+00 -1.0683944162e+00 -8.0351843549e-01 -5.8072417154e-01 -4.2779597334e-01 -3.7612049744e-01 -4.1031178461e-01 -4.7134650921e-01 -5.1880673515e-01
-6.9614106265e-01 -6.7555212569e-01 -6.1604587624e-01 -5.2606377038e-01 -4.2779597334e-01 -3.7612049744e-01 -4.4544038617e-01 -6.3066475748e-01 -8.8055013602e-01 -1.1637983621e+00 -1.4633750813e+00 -1.7675634541e+00 -2.0667599613e+00 -2.3524570584e+00 -2.6169539816e+00 -2.8533255385e+00 -3.0554855326e+00 -3.2182807795e+00 -3.3375872592e+00 -3.4103942071e+00 -3.4348683931e+00 -3.4103942071e+00 -3.3375872592e+00 -3.2182807795e+00 -3.0554855326e+00 -2.8533255385e+00 -2.6169539816e+00 -2.3524570584e+00 -2.0667599613e+00 -1.7675634541e+00 -1.4633750813e+00 -1.1637983621e+00 -8.8055013602e-01 -6.3066475748e-01 -4.4544038617e-01 -3.7612049744e-01 -4.2779597334e-01 -5.2606377038e-01 -6.1604587624e-01 -6.7555212569e-01
-9.0617361554e-01 -8.8383061088e-01 -8.1812631885e-01 -7.1360996876e-01 -5.8072417154e-01 -4.4544038617e-01 -3.7612049744e-01 -4.6159589669e-01 -6.7254263440e-01 -9.4112732149e-01 -1.2342741348e+00 -1.5352259050e+00 -1.8326166285e+00 -2.1172277862e+00 -2.3810356305e+00 -2.6169539816e+00 -2.8188105104e+00 -2.9814035455e+00 -3.1005810074e+00 -3.1733160568e+00 -3.1977671363e+00 -3.1733160568e+00 -3.1005810074e+00 -2.9814035455e+00 -2.8188105104e+00 -2.6169539816e+00 -2.3810356305e+00 -2.1172277862e+00 -1.8326166285e+00 -1.5352259050e+00 -1.2342741348e+00 -9.4112732149e-01 -6.7254263440e-01 -4.6159589669e-01 -3.7612049744e-01 -4.4544038617e-01 -5.8072417154e-01 -7.1360996876e-01 -8.1812631885e-01 -8.8383061088e-01
-1.1549771106e+00 -1.1317244231e+00 -1.0629041010e+00 -9.5152438282e-01 -8.0351843549e-01 -6.3066475748e-01 -4.6159589669e-01 -3.7612049744e-01 -4.7490619877e-01 -7.0400639467e-01 -9.8280014449e-01 -1.2774745317e+00 -1.5716832928e+00 -1.8545038717e+00 -2.1172277862e+00 -2.3524570584e+00 -2.5538634163e+00 -2.7161617415e+00 -2.8351534522e+00 -2.9077857802e+00 -2.9322039700e+00 -2.9077857802e+00 -2.8351534522e+00 -2.7161617415e+00 -2.5538634163e+00 -2.3524570584e+00 -2.1172277862e+00 -1.8545038717e+00 -1.5716832928e+00 -1.2774745317e+00 -9.8280014449e-01 -7.0400639467e-01 -4.7490619877e-01 -3.7612049744e-01 -4.6159589669e-01 -6.3066475748e-01 -8.0351843549e-01 -9.5152438282e-01 -1.0629041010e+00 -1.1317244231e+00
-1.4322348567e+00 -1.4084906153e+00 -1.3380305002e+00 -1.2232390935e+00 -1.0683944162e+00 -8.8055013602e-01 -6.7254263440e-01 -4.7490619877e-01 -3.7612049744e-01 -4.8434733573e-01 -7.2348644759e-01 -1.0040153748e+00 -1.2920258022e+00 -1.5716832928e+00 -1.8326166285e+00 -2.0667599613e+00 -2.2674802378e+00 -2.4293399122e+00 -2.5480595829e+00 -2.6205429841e+00 -2.6449137216e+00 -2.6205429841e+00 -2.5480595829e+00 -2.4293399122e+00 -2.2674802378e+00 -2.0667599613e+00 -1.8326166285e+00 -1.5716832928e+00 -1.2920258022e+00 -1.0040153748e+00 -7.2348644759e-01 -4.8434733573e-01 -3.7612049744e-01 -4.7490619877e-01 -6.7254263440e-01 -8.8055013602e-01 -1.0683944162e+00 -1.2232390935e+00 -1.3380305002e+00 -1.4084906153e+00
-1.7285479096e+00 -1.7045229981e+00 -1.6331452617e+00 -1.5165259869e+00 -1.3582792272e+00 -1.1637983621e+00 -9.4112732149e-01 -7.0400639467e-01 -4.8434733573e-01 -3.7612049744e-01 -4.8923777042e-01 -7.3007841924e-01 -1.0040153748e+00 -1.2774745317e+00 -1.5352259050e+00 -1.7675634541e+00 -1.9671941212e+00 -2.1283789917e+00 -2.2466890580e+00 -2.3189511867e+00 -2.3432518679e+00 -2.3189511867e+00 -2.2466890580e+00 -2.1283789917e+00 -1.9671941212e+00 -1.7675634541e+00 -1.5352259050e+00 -1.2774745317e+00 -1.0040153748e+00 -7.3007841924e-01 -4.8923777042e-01 -3.7612049744e-01 -4.8434733573e-01 -7.0400639467e-01 -9.4112732149e-01 -1.1637983621e+00 -1.3582792272e+00 -1.5165259869e+00 -1.6331452617e+00 -1.7045229981e+00
-2.0350593673e+00 -2.0108654011e+00 -1.9389431702e+00 -1.8212734921e+00 -1.6611744693e+00 -1.4633750813e+00 -1.2342741348e+00 -9.8280014449e-01 -7.2348644759e-01 -4.8923777042e-01 -3.7612049744e-01 -4.8923777042e-01 -7.2348644759e-01 -9.8280014449e-01 -1.2342741348e+00 -1.4633750813e+00 -1.6611744693e+00 -1.8212734921e+00 -1.9389431702e+00 -2.0108654011e+00 -2.0350593673e+00 -2.0108654011e+00 -1.9389431702e+00 -1.8212734921e+00 -1.6611744693e+00 -1.4633750813e+00 -1.2342741348e+00 -9.8280014449e-01 -7.2348644759e-01 -4.8923777042e-01 -3.7612049744e-01 -4.8923777042e-01 -7.2348644759e-01 -9.8280014449e-01 -1.2342741348e+00 -1.4633750813e+00 -1.6611744693e+00 -1.8212734921e+00 -1.9389431702e+00 -2.0108654011e+00
-2.3432518679e+00 -2.3189511867e+00 -2.2466890580e+00 -2.1283789917e+00 -1.9671941212e+00 -1.7675634541e+00 -1.5352259050e+00 -1.2774745317e+00 -1.0040153748e+00 -7.3007841924e-01 -4.8923777042e-01 -3.7612049744e-01 -4.8434733573e-01 -7.0400639467e-01 -9.4112732149e-01 -1.1637983621e+00 -1.3582792272e+00 -1.5165259869e+00 -1.6331452617e+00 -1.7045229981e+00 -1.7285479096e+00 -1.7045229981e+00 -1.6331452617e+00 -1.5165259869e+00 -1.3582792272e+00 -1.1637983621e+00 -9.4112732149e-01 -7.0400639467e-01 -4.8434733573e-01 -3.7612049744e-01 -4.8923777042e-01 -7.3007841924e-01 -1.0040153748e+00 -1.2774745317e+00 -1.5352259050e+00 -1.7675634541e+00 -1.9671941212e+00 -2.1283789917e+00 -2.2466890580e+00 -2.3189511867e+00
-2.6449137216e+00 -2.6205429841e+00 -2.5480595829e+00 -2.4293399122e+00 -2.2674802378e+00 -2.0667599613e+00 -1.8326166285e+00 -1.5716832928e+00 -1.2920258022e+00 -1.0040153748e+00 -7.2348644759e-01 -4.8434733573e-01 -3.7612049744e-01 -4.7490619877e-01 -6.7254263440e-01 -8.8055013602e-01 -1.0683944162e+00 -1.2232390935e+00 -1.3380305002e+00 -1.4084906153e+00 -1.4322348567e+00 -1.4084906153e+00 -1.3380305002e+00 -1.2232390935e+00 -1.0683944162e+00 -8.8055013602e-01 -6.7254263440e-01 -4.7490619877e-01 -3.7612049744e-01 -4.8434733573e-01 -7.2348644759e-01 -1.0040153748e+00 -1.2920258022e+00 -1.5716832928e+00 -1.8326166285e+00 -2.0667599613e+00 -2.2674802378e+00 -2.4293399122e+00 -2.5480595829e+00 -2.6205429841e+00
-2.9322039700e+00 -2.9077857802e+00 -2.8351534522e+00 -2.7161617415e+00 -2.5538634163e+00 -2.3524570584e+00 -2.1172277862e+00 -1.8545038717e+00 -1.5716832928e+00 -1.2774745317e+00 -9.8280014449e-01 -7.0400639467e-01 -4.7490619877e-01 -3.7612049744e-01 -4.6159589669e-01 -6.3066475748e-01 -8.0351843549e-01 -9.5152438282e-01 -1.0629041010e+00 -1.1317244231e+00 -1.1549771106e+00 -1.1317244231e+00 -1.0629041010e+00 -9.5152438282e-01 -8.0351843549e-01 -6.3066475748e-01 -4.6159589669e-01 -3.7612049744e-01 -4.7490619877e-01 -7.0400639467e-01 -9.8280014449e-01 -1.2774745317e+00 -1.5716832928e+00 -1.8545038717e+00 -2.1172277862e+00 -2.3524570584e+00 -2.5538634163e+00 -2.7161617415e+00 -2.8351534522e+00 -2.9077857802e+00
-3.1977671363e+00 -3.1733160568e+00 -3.1005810074e+00 -2.9814035455e+00 -2.8188105104e+00 -2.6169539816e+00 -2.3810356305e+00 -2.1172277862e+00 -1.8326166285e+00 -1.5352259050e+00 -1.2342741348e+00 -9.4112732149e-01 -6.7254263440e-01 -4.6159589669e-01 -3.7612049744e-01 -4.4544038617e-01 -5.8072417154e-01 -7.1360996876e-01 -8.1812631885e-01 -8.8383061088e-01 -9.0617361554e-01 -8.8383061088e-01 -8.1812631885e-01 -7.1360996876e-01 -5.8072417154e-01 -4.4544038617e-01 -3.7612049744e-01 -4.6159589669e-01 -6.7254263440e-01 -9.4112732149e-01 -1.2342741348e+00 -1.5352259050e+00 -1.8326166285e+00 -2.1172277862e+00 -2.3810356305e+00 -2.6169539816e+00 -2.8188105104e+00 -2.9814035455e+00 -3.1005810074e+00 -3.1733160568e+00
-3.4348683931e+00 -3.4103942071e+00 -3.3375872592e+00 -3.2182807795e+00 -3.0554855326e+00 -2.8533255385e+00 -2.6169539816e+00 -2.3524570584e+00 -2.0667599613e+00 -1.7675634541e+00 -1.4633750813e+00 -1.1637983621e+00 -8.8055013602e-01 -6.3066475748e-01 -4.4544038617e-01 -3.7612049744e-01 -4.2779597334e-01 -5.2606377038e-01 -6.1604587624e-01 -6.7555212569e-01 -6.9614106265e-01 -6.7555212569e-01 -6.1604587624e-01 -5.2606377038e-01 -4.2779597334e-01 -3.7612049744e-01 -4.4544038617e-01 -6.3066475748e-01 -8.8055013602e-01 -1.1637983621e+00 -1.4633750813e+00 -1.7675634541e+00 -2.0667599613e+00 -2.3524570584e+00 -2.6169539816e+00 -2.8533255385e+00 -3.0554855326e+00 -3.2182807795e+00 -3.3375872592e+00 -3.4103942071e+00
-3.6375316593e+00 -3.6130412219e+00 -3.5401838484e+00 -3.4207874069e+00 -3.2578524496e+00 -3.0554855326e+00 -2.8188105104e+00 -2.5538634163e+00 -2.2674802378e+00 -1.9671941212e+00 -1.6611744693e+00 -1.3582792272e+00 -1.0683944162e+00 -8.0351843549e-01 -5.8072417154e-01 -4.2779597334e-01 -3.7612049744e-01 -4.1031178461e-01 -4.7134650921e-01 -5.1880673515e-01 -5.3606404687e-01 -5.1880673515e-01 -4.7134650921e-01 -4.1031178461e-01 -3.7612049744e-01 -4.2779597334e-01 -5.8072417154e-01 -8.0351843549e-01 -1.0683944162e+00 -1.3582792272e+00 -1.6611744693e+00 -1.9671941212e+00 -2.2674802378e+00 -2.5538634163e+00 -2.8188105104e+00 -3.0554855326e+00 -3.2578524496e+00 -3.4207874069e+00 -3.5401838484e+00 -3.6130412219e+00
-3.8006695893e+00 -3.7761679264e+00 -3.7032757944e+00 -3.5838176079e+00 -3.4207874069e+00 -3.2182807795e+00 -2.9814035455e+00 -2.7161617415e+00 -2.4293399122e+00 -2.1283789917e+00 -1.8212734921e+00 -1.5165259869e+00 -1.2232390935e+00 -9.5152438282e-01 -7.1360996876e-01 -5.2606377038e-01 -4.1031178461e-01 -3.7612049744e-01 -3.9482988084e-01 -4.2291384831e-01 -4.3472398102e-01 -4.2291384831e-01 -3.9482988084e-01 -3.7612049744e-01 -4.1031178461e-01 -5.2606377038e-01 -7.1360996876e-01 -9.5152438282e-01 -1.2232390935e+00 -1.5165259869e+00 -1.8212734921e+00 -2.1283789917e+00 -2.4293399122e+00 -2.7161617415e+00 -2.9814035455e+00 -3.2182807795e+00 -3.4207874069e+00 -3.5838176079e+00 -3.7032757944e+00 -3.7761679264e+00
-3.9201980496e+00 -3.8956890416e+00 -3.8227741999e+00 -3.7032757944e+00 -3.5401838484e+00 -3.3375872592e+00 -3.1005810074e+00 -2.8351534522e+00 -2.5480595829e+00 -2.2466890580e+00 -1.9389431702e+00 -1.6331452617e+00 -1.3380305002e+00 -1.0629041010e+00 -8.1812631885e-01 -6.1604587624e-01 -4.7134650921e-01 -3.9482988084e-01 -3.7612049744e-01 -3.8318949725e-01 -3.8864956836e-01 -3.8318949725e-01 -3.7612049744e-01 -3.9482988084e-01 -4.7134650921e-01 -6.1604587624e-01 -8.1812631885e-01 -1.0629041010e+00 -1.3380305002e+00 -1.6331452617e+00 -1.9389431702e+00 -2.2466890580e+00 -2.5480595829e+00 -2.8351534522e+00 -3.1005810074e+00 -3.3375872592e+00 -3.5401838484e+00 -3.7032757944e+00 -3.8227741999e+00 -3.8956890416e+00
-3.9931298985e+00 -3.9686167312e+00 -3.8956890416e+00 -3.7761679264e+00 -3.6130412219e+00 -3.4103942071e+00 -3.1733160568e+00 -2.9077857802e+00 -2.6205429841e+00 -2.3189511867e+00 -2.0108654011e+00 -1.7045229981e+00 -1.4084906153e+00 -1.1317244231e+00 -8.8383061088e-01 -6.7555212569e-01 -5.1880673515e-01 -4.2291384831e-01 -3.8318949725e-01 -3.7612049744e-01 -3.7692563779e-01 -3.7612049744e-01 -3.8318949725e-01 -4.2291384831e-01 -5.1880673515e-01 -6.7555212569e-01 -8.8383061088e-01 -1.1317244231e+00 -1.4084906153e+00 -1.7045229981e+00 -2.0108654011e+00 -2.3189511867e+00 -2.6205429841e+00 -2.9077857802e+00 -3.1733160568e+00 -3.4103942071e+00 -3.6130412219e+00 -3.7761679264e+00 -3.8956890416e+00 -3.9686167312e+00
4.0176444129e+00 3.9931298985e+00 3.9201980496e+00 3.8006695893e+00 3.6375316593e+00 3.4348683931e+00 3.1977671363e+00 2.9322039700e+00 2.6449137216e+00 2.3432518679e+00 2.0350593673e+00 1.7285479096e+00 1.4322348567e+00 1.1549771106e+00 9.0617361554e-01 6.9614106265e-01 5.3606404687e-01 4.3472398102e-01 3.8864956836e-01 3.7692563779e-01 3.7612049744e-01 3.7692563779e-01 3.8864956836e-01 4.3472398102e-01 5.3606404687e-01 6.9614106265e-01 9.0617361554e-01 1.1549771106e+00 1.4322348567e+00 1.7285479096e+00 2.0350593673e+00 2.3432518679e+00 2.6449137216e+00 2.9322039700e+00 3.1977671363e+00 3.4348683931e+00 3.6375316593e+00 3.8006695893e+00 3.9201980496e+00 3.9931298985e+00
3.9931298985e+00 3.9686167312e+00 3.8956890416e+00 3.7761679264e+00 3.6130412219e+00 3.4103942071e+00 3.1733160568e+00 2.9077857802e+00 2.6205429841e+00 2.3189511867e+00 2.0108654011e+00 1.7045229981e+00 1.4084906153e+00 1.1317244231e+00 8.8383061088e-01 6.7555212569e-01 5.1880673515e-01 4.2291384831e-01 3.8318949725e-01 3.7612049744e-01 3.7692563779e-01 3.7612049744e-01 3.8318949725e-01 4.2291384831e-01 5.1880673515e-01 6.7555212569e-01 8.8383061088e-01 1.1317244231e+00 1.4084906153e+00 1.7045229981e+00 2.0108654011e+00 2.3189511867e+00 2.6205429841e+00 2.9077857802e+00 3.1733160568e+00 3.4103942071e+00 3.6130412219e+00 3.7761679264e+00 3.8956890416e+00 3.9686167312e+00
3.9201980496e+00 3.8956890416e+00 3.8227741999e+00 3.7032757944e+00 3.5401838484e+00 3.3375872592e+00 3.1005810074e+00 2.8351534522e+00 2.5480595829e+00 2.2466890580e+00 1.9389431702e+00 1.6331452617e+00 1.3380305002e+00 1.0629041010e+00 8.1812631885e-01 6.1604587624e-01 4.7134650921e-01 3.9482988084e-01 3.7612049744e-01 3.8318949725e-01 3.8864956836e-01 3.8318949725e-01 3.7612049744e-01 3.9482988084e-01 4.7134650921e-01 6.1604587624e-01 8.1812631885e-01 1.0629041010e+00 1.3380305002e+00 1.6331452617e+00 1.9389431702e+00 2.2466890580e+00 2.5480595829e+00 2.8351534522e+00 3.1005810074e+00 3.3375872592e+00 3.5401838484e+00 3.7032757944e+00 3.8227741999e+00 3.8956890416e+00
3.8006695893e+00 3.7761679264e+00 3.7032757944e+00 3.5838176079e+00 3.4207874069e+00 3.2182807795e+00 2.9814035455e+00 2.7161617415e+00 2.4293399122e+00 2.1283789917e+00 1.8212734921e+00 1.5165259869e+00 1.2232390935e+00 9.5152438282e-01 7.1360996876e-01 5.2606377038e-01 4.1031178461e-01 3.7612049744e-01 3.9482988084e-01 4.2291384831e-01 4.3472398102e-01 4.2291384831e-01 3.9482988084e-01 3.7612049744e-01 4.1031178461e-01 5.2606377038e-01 7.1360996876e-01 9.5152438282e-01 1.2232390935e+00 1.5165259869e+00 1.8212734921e+00 2.1283789917e+00 2.4293399122e+00 2.7161617415e+00 2.9814035455e+00 3.2182807795e+00 3.4207874069e+00 3.5838176079e+00 3.7032757944e+00 3.7761679264e+00
3.6375316593e+00 3.6130412219e+00 3.5401838484e+00 3.4207874069e+00 3.2578524496e+00 3.0554855326e+00 2.8188105104e+00 2.5538634163e+00 2.2674802378e+00 1.9671941212e+00 1.6611744693e+00 1.3582792272e+00 1.0683944162e+00 8.0351843549e-01 5.8072417154e-01 4.2779597334e-01 3.7612049744e-01 4.1031178461e-01 4.7134650921e-01 5.1880673515e-01 5.3606404687e-01 5.1880673515e-01 4.7134650921e-01 4.1031178461e-01 3.7612049744e-01 4.2779597334e-01 5.8072417154e-01 8.0351843549e-01 1.0683944162e+00 1.3582792272e+00 1.6611744693e+00 1.9671941212e+00 2.2674802378e+00 2.5538634163e+00 2.8188105104e+00 3.0554855326e+00 3.2578524496e+00 3.4207874069e+00 3.5401838484e+00 3.6130412219e+00
3.4348683931e+00 3.4103942071e+00 3.3375872592e+00 3.2182807795e+00 3.0554855326e+00 2.8533255385e+00 2.6169539816e+00 2.3524570584e+00 2.0667599613e+00 1.7675634541e+00 1.4633750813e+00 1.1637983621e+00 8.8055013602e-01 6.3066475748e-01 4.4544038617e-01 3.7612049744e-01 4.2779597334e-01 5.2606377038e-01 6.1604587624e-01 6.7555212569e-01 6.9614106265e-01 6.7555212569e-01 6.1604587624e-01 5.2606377038e-01 4.2779597334e-01 3.7612049744e-01 4.4544038617e-01 6.3066475748e-01 8.8055013602e-01 1.1637983621e+00 1.4633750813e+00 1.7675634541e+00 2.0667599613e+00 2.3524570584e+00 2.6169539816e+00 2.8533255385e+00 3.0554855326e+00 3.2182807795e+00 3.3375872592e+00 3.4103942071e+00
3.1977671363e+00 3.1733160568e+00 3.1005810074e+00 2.9814035455e+00 2.8188105104e+00 2.6169539816e+00 2.3810356305e+00 2.1172277862e+00 1.8326166285e+00 1.5352259050e+00 1.2342741348e+00 9.4112732149e-01 6.7254263440e-01 4.6159589669e-01 3.7612049744e-01 4.4544038617e-01 5.8072417154e-01 7.1360996876e-01 8.1812631885e-01 8.8383061088e-01 9.0617361554e-01 8.8383061088e-01 8.1812631885e-01 7.1360996876e-01 5.8072417154e-01 4.4544038617e-01 3.7612049744e-01 4.6159589669e-01 6.7254263440e-01 9.4112732149e-01 1.2342741348e+00 1.5352259050e+00 1.8326166285e+00 2.1172277862e+00 2.3810356305e+00 2.6169539816e+00 2.8188105104e+00 2.9814035455e+00 3.1005810074e+00 3.1733160568e+00
2.9322039700e+00 2.9077857802e+00 2.8351534522e+00 2.7161617415e+00 2.5538634163e+00 2.3524570584e+00 2.1172277862e+00 1.8545038717e+00 1.5716832928e+00 1.2774745317e+00 9.8280014449e-01 7.0400639467e-01 4.7490619877e-01 3.7612049744e-01 4.6159589669e-01 6.3066475748e-01 8.0351843549e-01 9.5152438282e-01 1.0629041010e+00 1.1317244231e+00 1.1549771106e+00 1.1317244231e+00 1.0629041010e+00 9.5152438282e-01 8.0351843549e-01 6.3066475748e-01 4.6159589669e-01 3.7612049744e-01 4.7490619877e-01 7.0400639467e-01 9.8280014449e-01 1.2774745317e+00 1.5716832928e+00 1.8545038717e+00 2.1172277862e+00 2.3524570584e+00 2.5538634163e+00 2.7161617415e+00 2.8351534522e+00 2.9077857802e+00
2.6449137216e+00 2.6205429841e+00 2.5480595829e+00 2.4293399122e+00 2.2674802378e+00 2.0667599613e+00 1.8326166285e+00 1.5716832928e+00 1.2920258022e+00 1.0040153748e+00 7.2348644759e-01 4.8434733573e-01 3.7612049744e-01 4.7490619877e-01 6.7254263440e-01 8.8055013602e-01 1.0683944162e+00 1.2232390935e+00 1.3380305002e+00 1.4084906153e+00 1.4322348567e+00 1.4084906153e+00 1.3380305002e+00 1.2232390935e+00 1.0683944162e+00 8.8055013602e-01 6.7254263440e-01 4.7490619877e-01 3.7612049744e-01 4.8434733573e-01 7.2348644759e-01 1.0040153748e+00 1.2920258022e+00 1.5716832928e+00 1.8326166285e+00 2.0667599613e+00 2.2674802378e+00 2.4293399122e+00 2.5480595829e+00 2.6205429841e+00
2.3432518679e+00 2.3189511867e+00 2.2466890580e+00 2.1283789917e+00 1.9671941212e+00 1.7675634541e+00 1.5352259050e+00 1.2774745317e+00 1.0040153748e+00 7.3007841924e-01 4.8923777042e-01 3.7612049744e-01 4.8434733573e-01 7.0400639467e-01 9.4112732149e-01 1.1637983621e+00 1.3582792272e+00 1.5165259869e+00 1.6331452617e+00 1.7045229981e+00 1.7285479096e+00 1.7045229981e+00 1.6331452617e+00 1.5165259869e+00 1.3582792272e+00 1.1637983621e+00 9.4112732149e-01 7.0400639467e-01 4.8434733573e-01 3.7612049744e-01 4.8923777042e-01 7.3007841924e-01 1.0040153748e+00 1.2774745317e+00 1.5352259050e+00 1.7675634541e+00 1.9671941212e+00 2.1283789917e+00 2.2466890580e+00 2.3189511867e+00
2.0350593673e+00 2.0108654011e+00 1.9389431702e+00 1.8212734921e+00 1.6611744693e+00 1.4633750813e+00 1.2342741348e+00 9.8280014449e-01 7.2348644759e-01 4.8923777042e-01 3.7612049744e-01 4.8923777042e-01 7.2348644759e-01 9.8280014449e-01 1.2342741348e+00 1.4633750813e+00 1.6611744693e+00 1.8212734921e+00 1.9389431702e+00 2.0108654011e+00 2.0350593673e+00 2.0108654011e+00 1.9389431702e+00 1.8212734921e+00 1.6611744693e+00 1.4633750813e+00 1.2342741348e+00 9.8280014449e-01 7.2348644759e-01 4.8923777042e-01 3.7612049744e-01 4.8923777042e-01 7.2348644759e-01 9.8280014449e-01 1.2342741348e+00 1.4633750813e+00 1.6611744693e+00 1.8212734921e+00 1.9389431702e+00 2.0108654011e+00
1.7285479096e+00 1.7045229981e+00 1.6331452617e+00 1.5165259869e+00 1.3582792272e+00 1.1637983621e+00 9.4112732149e-01 7.0400639467e-01 4.8434733573e-01 3.7612049744e-01 4.8923777042e-01 7.3007841924e-01 1.0040153748e+00 1.2774745317e+00 1.5352259050e+00 1.7675634541e+00 1.9671941212e+00 2.1283789917e+00 2.2466890580e+00 2.3189511867e+00 2.3432518679e+00 2.3189511867e+00 2.2466890580e+00 2.1283789917e+00 1.9671941212e+00 1.7675634541e+00 1.5352259050e+00 1.2774745317e+00 1.0040153748e+00 7.3007841924e-01 4.8923777042e-01 3.7612049744e-01 4.8434733573e-01 7.0400639467e-01 9.4112732149e-01 1.1637983621e+00 1.3582792272e+00 1.5165259869e+00 1.6331452617e+00 1.7045229981e+00
1.4322348567e+00 1.4084906153e+00 1.3380305002e+00 1.2232390935e+00 1.0683944162e+00 8.8055013602e-01 6.7254263440e-01 4.7490619877e-01 3.7612049744e-01 4.8434733573e-01 7.2348644759e-01 1.0040153748e+00 1.2920258022e+00 1.5716832928e+00 1.8326166285e+00 2.0667599613e+00 2.2674802378e+00 2.4293399122e+00 2.5480595829e+00 2.6205429841e+00 2.6449137216e+00 2.6205429841e+00 2.5480595829e+00 2.4293399122e+00 2.2674802378e+00 2.0667599613e+00 1.8326166285e+00 1.5716832928e+00 1.2920258022e+00 1.0040153748e+00 7.2348644759e-01 4.8434733573e-01 3.7612049744e-01 4.7490619877e-01 6.7254263440e-01 8.8055013602e-01 1.0683944162e+00 1.2232390935e+00 1.3380305002e+00 1.4084906153e+00
1.1549771106e+00 1.1317244231e+00 1.0629041010e+00 9.5152438282e-01 8.0351843549e-01 6.3066475748e-01 4.6159589669e-01 3.7612049744e-01 4.7490619877e-01 7.0400639467e-01 9.8280014449e-01 1.2774745317e+00 1.5716832928e+00 1.8545038717e+00 2.1172277862e+00 2.3524570584e+00 2.5538634163e+00 2.7161617415e+00 2.8351534522e+00 2.9077857802e+00 2.9322039700e+00 2.9077857802e+00 2.8351534522e+00 2.7161617415e+00 2.5538634163e+00 2.3524570584e+00 2.1172277862e+00 1.8545038717e+00 1.5716832928e+00 1.2774745317e+00 9.8280014449e-01 7.0400639467e-01 4.7490619877e-01 3.7612049744e-01 4.6159589669e-01 6.3066475748e-01 8.0351843549e-01 9.5152438282e-01 1.0629041010e+00 1.1317244231e+00
9.0617361554e-01 8.8383061088e-01 8.1812631885e-01 7.1360996876e-01 5.8072417154e-01 4.4544038617e-01 3.7612049744e-01 4.6159589669e-01 6.7254263440e-01 9.4112732149e-01 1.2342741348e+00 1.5352259050e+00 1.8326166285e+00 2.1172277862e+00 2.3810356305e+00 2.6169539816e+00 2.8188105104e+00 2.9814035455e+00 3.1005810074e+00 3.1733160568e+00 3.1977671363e+00 3.1733160568e+00 3.1005810074e+00 2.9814035455e+00 2.8188105104e+00 2.6169539816e+00 2.3810356305e+00 2.1172277862e+00 1.8326166285e+00 1.5352259050e+00 1.2342741348e+00 9.4112732149e-01 6.7254263440e-01 4.6159589669e-01 3.7612049744e-01 4.4544038617e-01 5.8072417154e-01 7.1360996876e-01 8.1812631885e-01 8.8383061088e-01
6.9614106265e-01 6.7555212569e-01 6.1604587624e-01 5.2606377038e-01 4.2779597334e-01 3.7612049744e-01 4.4544038617e-01 6.3066475748e-01 8.8055013602e-01 1.1637983621e+00 1.4633750813e+00 1.7675634541e+00 2.0667599613e+00 2.3524570584e+00 2.6169539816e+00 2.8533255385e+00 3.0554855326e+00 3.2182807795e+00 3.3375872592e+00 3.4103942071e+00 3.4348683931e+00 3.4103942071e+00 3.3375872592e+00 3.2182807795e+00 3.0554855326e+00 2.8533255385e+00 2.6169539816e+00 2.3524570584e+00 2.0667599613e+00 1.7675634541e+00 1.4633750813e+00 1.1637983621e+00 8.8055013602e-01 6.3066475748e-01 4.4544038617e-01 3.7612049744e-01 4.2779597334e-01 5.2606377038e-01 6.1604587624e-01 6.7555212569e-01
