# 2023-03-16 10:57:32
#
# U_MIN=-2.000000   U_MAX=-1.000000

-4.0176414273e+00 -4.0019403507e+00 -3.9550880252e+00 -3.8778333874e+00 -3.7714121584e+00 -3.6375283617e+00 -3.4783290093e+00 -3.2963725407e+00 -3.0945918010e+00 -2.8762525952e+00 -2.6449091864e+00 -2.4043585804e+00 -2.1585961623e+00 -1.9117764198e+00 -1.6681843872e+00 -1.4322264815e+00 -1.2084536922e+00 -1.0016335134e+00 -8.1687703543e-01 -6.5975348265e-01 -5.3604166996e-01 -4.5015862514e-01 -4.0145735255e-01 -3.8130133653e-01 -3.7641911471e-01 -3.7608860416e-01 -3.7641911471e-01 -3.8130133653e-01 -4.0145735255e-01 -4.5015862514e-01 -5.3604166996e-01 -6.5975348265e-01 -8.1687703543e-01 -1.0016335134e+00 -1.2084536922e+00 -1.4322264815e+00 -1.6681843872e+00 -1.9117764198e+00 -2.1585961623e+00 -2.4043585804e+00 -2.6449091864e+00 -2.8762525952e+00 -3.0945918010e+00 -3.2963725407e+00 -3.4783290093e+00 -3.6375283617e+00 -3.7714121584e+00 -3.8778333874e+00 -3.9550880252e+00 -4.0019403507e+00
-4.0019403507e+00 -3.9862398231e+00 -3.9393891746e+00 -3.8621374367e+00 -3.7557204996e+00 -3.6218426497e+00 -3.4626512871e+00 -3.2807054151e+00 -3.0789386974e+00 -2.8606181392e+00 -2.6292997920e+00 -2.3887833816e+00 -2.1430685332e+00 -1.8963165288e+00 -1.6528236243e+00 -1.4170153659e+00 -1.1934763607e+00 -9.8703457490e-01 -8.0291010808e-01 -6.4685861129e-01 -5.2492067908e-01 -4.4168838488e-01 -3.9621566172e-01 -3.7902186179e-01 -3.7608860416e-01 -3.7641911471e-01 -3.7608860416e-01 -3.7902186179e-01 -3.9621566172e-01 -4.4168838488e-01 -5.2492067908e-01 -6.4685861129e-01 -8.0291010808e-01 -9.8703457490e-01 -1.1934763607e+00 -1.4170153659e+00 -1.6528236243e+00 -1.8963165288e+00 -2.1430685332e+00 -2.3887833816e+00 -2.6292997920e+00 -2.8606181392e+00 -3.0789386974e+00 -3.2807054151e+00 -3.4626512871e+00 -3.6218426497e+00 -3.7557204996e+00 -3.8621374367e+00 -3.9393891746e+00 -3.9862398231e+00
-3.9550880252e+00 -3.9393891746e+00 -3.8925436515e+00 -3.8153007792e+00 -3.7088969711e+00 -3.5750373270e+00 -3.4158704509e+00 -3.2339570982e+00 -3.0322334841e+00 -2.8139703687e+00 -2.5827294221e+00 -2.3423189609e+00 -2.0967520871e+00 -1.8502118464e+00 -1.6070307833e+00 -1.3716970334e+00 -1.1489067854e+00 -9.4369217860e-01 -7.6164836069e-01 -6.0918235138e-01 -4.9324241958e-01 -4.1893010637e-01 -3.8401363303e-01 -3.7608860416e-01 -3.7902186179e-01 -3.8130133653e-01 -3.7902186179e-01 -3.7608860416e-01 -3.8401363303e-01 -4.1893010637e-01 -4.9324241958e-01 -6.0918235138e-01 -7.6164836069e-01 -9.4369217860e-01 -1.1489067854e+00 -1.3716970334e+00 -1.6070307833e+00 -1.8502118464e+00 -2.0967520871e+00 -2.3423189609e+00 -2.5827294221e+00 -2.8139703687e+00 -3.0322334841e+00 -3.2339570982e+00 -3.4158704509e+00 -3.5750373270e+00 -3.7088969711e+00 -3.8153007792e+00 -3.8925436515e+00 -3.9393891746e+00
-3.8778333874e+00 -3.8621374367e+00 -3.8153007792e+00 -3.7380732547e+00 -3.6316922016e+00 -3.4978641635e+00 -3.3387398883e+00 -3.1568832670e+00 -2.9552351084e+00 -2.7370729806e+00 -2.5059688316e+00 -2.2657468620e+00 -2.0204454160e+00 -1.7742889566e+00 -1.5316804496e+00 -1.2972324477e+00 -1.0758695672e+00 -8.7305674160e-01 -6.9521404342e-01 -5.5021615958e-01 -4.4696091254e-01 -3.9099708276e-01 -3.7608860416e-01 -3.8401363303e-01 -3.9621566172e-01 -4.0145735255e-01 -3.9621566172e-01 -3.8401363303e-01 -3.7608860416e-01 -3.9099708276e-01 -4.4696091254e-01 -5.5021615958e-01 -6.9521404342e-01 -8.7305674160e-01 -1.0758695672e+00 -1.2972324477e+00 -1.5316804496e+00 -1.7742889566e+00 -2.0204454160e+00 -2.2657468620e+00 -2.5059688316e+00 -2.7370729806e+00 -2.9552351084e+00 -3.1568832670e+00 -3.3387398883e+00 -3.4978641635e+00 -3.6316922016e+00 -3.7380732547e+00 -3.8153007792e+00 -3.8621374367e+00
-3.7714121584e+00 -3.7557204996e+00 -3.7088969711e+00 -3.6316922016e+00 -3.5253449474e+00 -3.3915639738e+00 -3.2325033471e+00 -3.0507318468e+00 -2.8491975087e+00 -2.6311887329e+00 -2.4002940426e+00 -2.1603636818e+00 -1.9154782273e+00 -1.6699331759e+00 -1.4282560257e+00 -1.1952878264e+00 -9.7639251803e-01 -7.7791313571e-01 -6.0803157572e-01 -4.7778305242e-01 -3.9944241809e-01 -3.7608860416e-01 -3.9099708276e-01 -4.1893010637e-01 -4.4168838488e-01 -4.5015862514e-01 -4.4168838488e-01 -4.1893010637e-01 -3.9099708276e-01 -3.7608860416e-01 -3.9944241809e-01 -4.7778305242e-01 -6.0803157572e-01 -7.7791313571e-01 -9.7639251803e-01 -1.1952878264e+00 -1.4282560257e+00 -1.6699331759e+00 -1.9154782273e+00 -2.1603636818e+00 -2.4002940426e+00 -2.6311887329e+00 -2.8491975087e+00 -3.0507318468e+00 -3.2325033471e+00 -3.3915639738e+00 -3.5253449474e+00 -3.6316922016e+00 -3.7088969711e+00 -3.7557204996e+00
-3.6375283617e+00 -3.6218426497e+00 -3.5750373270e+00 -3.4978641635e+00 -3.3915639738e+00 -3.2578487677e+00 -3.0988774951e+00 -2.9172262032e+00 -2.7158538085e+00 -2.4980652732e+00 -2.2674749476e+00 -2.0279746050e+00 -1.7837141036e+00 -1.5391096274e+00 -1.2989096627e+00 -1.0683831888e+00 -8.5377232656e-01 -6.6330549399e-01 -5.0913581206e-01 -4.0874637905e-01 -3.7608860416e-01 -3.9944241809e-01 -4.4696091254e-01 -4.9324241958e-01 -5.2492067908e-01 -5.3604166996e-01 -5.2492067908e-01 -4.9324241958e-01 -4.4696091254e-01 -3.9944241809e-01 -3.7608860416e-01 -4.0874637905e-01 -5.0913581206e-01 -6.6330549399e-01 -8.5377232656e-01 -1.0683831888e+00 -1.2989096627e+00 -1.5391096274e+00 -1.7837141036e+00 -2.0279746050e+00 -2.2674749476e+00 -2.4980652732e+00 -2.7158538085e+00 -2.9172262032e+00 -3.0988774951e+00 -3.2578487677e+00 -3.3915639738e+00 -3.4978641635e+00 -3.5750373270e+00 -3.6218426497e+00
-3.4783290093e+00 -3.4626512871e+00 -3.4158704509e+00 -3.3387398883e+00 -3.2325033471e+00 -3.0988774951e+00 -2.9400283663e+00 -2.7585426905e+00 -2.5573956441e+00 -2.3399174481e+00 -2.1097628403e+00 -1.8708905642e+00 -1.6275665348e+00 -1.3844189120e+00 -1.1466080010e+00 -9.2026090571e-01 -7.1353887889e-01 -5.3912680135e-01 -4.1828736644e-01 -3.7608860416e-01 -4.0874637905e-01 -4.7778305242e-01 -5.5021615958e-01 -6.0918235138e-01 -6.4685861129e-01 -6.5975348265e-01 -6.4685861129e-01 -6.0918235138e-01 -5.5021615958e-01 -4.7778305242e-01 -4.0874637905e-01 -3.7608860416e-01 -4.1828736644e-01 -5.3912680135e-01 -7.1353887889e-01 -9.2026090571e-01 -1.1466080010e+00 -1.3844189120e+00 -1.6275665348e+00 -1.8708905642e+00 -2.1097628403e+00 -2.3399174481e+00 -2.5573956441e+00 -2.7585426905e+00 -2.9400283663e+00 -3.0988774951e+00 -3.2325033471e+00 -3.3387398883e+00 -3.4158704509e+00 -3.4626512871e+00
-3.2963725407e+00 -3.2807054151e+00 -3.2339570982e+00 -3.1568832670e+00 -3.0507318468e+00 -2.9172262032e+00 -2.7585426905e+00 -2.5772838651e+00 -2.3764495058e+00 -2.1594090645e+00 -1.9298820648e+00 -1.6919390646e+00 -1.4500496799e+00 -1.2092382472e+00 -9.7549796312e-01 -7.5686673637e-01 -5.6623012217e-01 -4.2746999675e-01 -3.7608860416e-01 -4.1828736644e-01 -5.0913581206e-01 -6.0803157572e-01 -6.9521404342e-01 -7.6164836069e-01 -8.0291010808e-01 -8.1687703543e-01 -8.0291010808e-01 -7.6164836069e-01 -6.9521404342e-01 -6.0803157572e-01 -5.0913581206e-01 -4.1828736644e-01 -3.7608860416e-01 -4.2746999675e-01 -5.6623012217e-01 -7.5686673637e-01 -9.7549796312e-01 -1.2092382472e+00 -1.4500496799e+00 -1.6919390646e+00 -1.9298820648e+00 -2.1594090645e+00 -2.3764495058e+00 -2.5772838651e+00 -2.7585426905e+00 -2.9172262032e+00 -3.0507318468e+00 -3.1568832670e+00 -3.2339570982e+00 -3.2807054151e+00
-3.0945918010e+00 -3.0789386974e+00 -3.0322334841e+00 -2.9552351084e+00 -2.8491975087e+00 -2.7158538085e+00 -2.5573956441e+00 -2.3764495058e+00 -2.1760533784e+00 -1.9596396865e+00 -1.7310363231e+00 -1.4945107953e+00 -1.2549156924e+00 -1.0180844315e+00 -7.9189623651e-01 -5.8924814873e-01 -4.3575732950e-01 -3.7608860416e-01 -4.2746999675e-01 -5.3912680135e-01 -6.6330549399e-01 -7.7791313571e-01 -8.7305674160e-01 -9.4369217860e-01 -9.8703457490e-01 -1.0016335134e+00 -9.8703457490e-01 -9.4369217860e-01 -8.7305674160e-01 -7.7791313571e-01 -6.6330549399e-01 -5.3912680135e-01 -4.2746999675e-01 -3.7608860416e-01 -4.3575732950e-01 -5.8924814873e-01 -7.9189623651e-01 -1.0180844315e+00 -1.2549156924e+00 -1.4945107953e+00 -1.7310363231e+00 -1.9596396865e+00 -2.1760533784e+00 -2.3764495058e+00 -2.5573956441e+00 -2.7158538085e+00 -2.8491975087e+00 -2.9552351084e+00 -3.0322334841e+00 -3.0789386974e+00
-2.8762525952e+00 -2.8606181392e+00 -2.8139703687e+00 -2.7370729806e+00 -2.6311887329e+00 -2.4980652732e+00 -2.3399174481e+00 -2.1594090645e+00 -1.9596396865e+00 -1.7441475626e+00 -1.5169525258e+00 -1.2826949575e+00 -1.0470169432e+00 -8.1760995143e-01 -6.0727013749e-01 -4.4269218918e-01 -3.7608860416e-01 -4.3575732950e-01 -5.6623012217e-01 -7.1353887889e-01 -8.5377232656e-01 -9.7639251803e-01 -1.0758695672e+00 -1.1489067854e+00 -1.1934763607e+00 -1.2084536922e+00 -1.1934763607e+00 -1.1489067854e+00 -1.0758695672e+00 -9.7639251803e-01 -8.5377232656e-01 -7.1353887889e-01 -5.6623012217e-01 -4.3575732950e-01 -3.7608860416e-01 -4.4269218918e-01 -6.0727013749e-01 -8.1760995143e-01 -1.0470169432e+00 -1.2826949575e+00 -1.5169525258e+00 -1.7441475626e+00 -1.9596396865e+00 -2.1594090645e+00 -2.3399174481e+00 -2.4980652732e+00 -2.6311887329e+00 -2.7370729806e+00 -2.8139703687e+00 -2.8606181392e+00
-2.6449091864e+00 -2.6292997920e+00 -2.5827294221e+00 -2.5059688316e+00 -2.4002940426e+00 -2.2674749476e+00 -2.1097628403e+00 -1.9298820648e+00 -1.7310363231e+00 -1.5169525258e+00 -1.2920165182e+00 -1.0616438964e+00 -8.3331023500e-01 -6.1963904480e-01 -4.4791025057e-01 -3.7608860416e-01 -4.4269218918e-01 -5.8924814873e-01 -7.5686673637e-01 -9.2026090571e-01 -1.0683831888e+00 -1.1952878264e+00 -1.2972324477e+00 -1.3716970334e+00 -1.4170153659e+00 -1.4322264815e+00 -1.4170153659e+00 -1.3716970334e+00 -1.2972324477e+00 -1.1952878264e+00 -1.0683831888e+00 -9.2026090571e-01 -7.5686673637e-01 -5.8924814873e-01 -4.4269218918e-01 -3.7608860416e-01 -4.4791025057e-01 -6.1963904480e-01 -8.3331023500e-01 -1.0616438964e+00 -1.2920165182e+00 -1.5169525258e+00 -1.7310363231e+00 -1.9298820648e+00 -2.1097628403e+00 -2.2674749476e+00 -2.4002940426e+00 -2.5059688316e+00 -2.5827294221e+00 -2.6292997920e+00
-2.4043585804e+00 -2.3887833816e+00 -2.3423189609e+00 -2.2657468620e+00 -2.1603636818e+00 -2.0279746050e+00 -1.8708905642e+00 -1.6919390646e+00 -1.4945107953e+00 -1.2826949575e+00 -1.0616438964e+00 -8.3858854695e-01 -6.2592845000e-01 -4.5114754020e-01 -3.7608860416e-01 -4.4791025057e-01 -6.0727013749e-01 -7.9189623651e-01 -9.7549796312e-01 -1.1466080010e+00 -1.2989096627e+00 -1.4282560257e+00 -1.5316804496e+00 -1.6070307833e+00 -1.6528236243e+00 -1.6681843872e+00 -1.6528236243e+00 -1.6070307833e+00 -1.5316804496e+00 -1.4282560257e+00 -1.2989096627e+00 -1.1466080010e+00 -9.7549796312e-01 -7.9189623651e-01 -6.0727013749e-01 -4.4791025057e-01 -3.7608860416e-01 -4.5114754020e-01 -6.2592845000e-01 -8.3858854695e-01 -1.0616438964e+00 -1.2826949575e+00 -1.4945107953e+00 -1.6919390646e+00 -1.8708905642e+00 -2.0279746050e+00 -2.1603636818e+00 -2.2657468620e+00 -2.3423189609e+00 -2.3887833816e+00
-2.1585961623e+00 -2.1430685332e+00 -2.0967520871e+00 -2.0204454160e+00 -1.9154782273e+00 -1.7837141036e+00 -1.6275665348e+00 -1.4500496799e+00 -1.2549156924e+00 -1.0470169432e+00 -8.3331023500e-01 -6.2592845000e-01 -4.5224443353e-01 -3.7608860416e-01 -4.5114754020e-01 -6.1963904480e-01 -8.1760995143e-01 -1.0180844315e+00 -1.2092382472e+00 -1.3844189120e+00 -1.5391096274e+00 -1.6699331759e+00 -1.7742889566e+00 -1.8502118464e+00 -1.8963165288e+00 -1.9117764198e+00 -1.8963165288e+00 -1.8502118464e+00 -1.7742889566e+00 -1.6699331759e+00 -1.5391096274e+00 -1.3844189120e+00 -1.2092382472e+00 -1.0180844315e+00 -8.1760995143e-01 -6.1963904480e-01 -4.5114754020e-01 -3.7608860416e-01 -4.5224443353e-01 -6.2592845000e-01 -8.3331023500e-01 -1.0470169432e+00 -1.2549156924e+00 -1.4500496799e+00 -1.6275665348e+00 -1.7837141036e+00 -1.9154782273e+00 -2.0204454160e+00 -2.0967520871e+00 -2.1430685332e+00
-1.9117764198e+00 -1.8963165288e+00 -1.8502118464e+00 -1.7742889566e+00 -1.6699331759e+00 -1.5391096274e+00 -1.3844189120e+00 -1.2092382472e+00 -1.0180844315e+00 -8.1760995143e-01 -6.1963904480e-01 -4.5114754020e-01 -3.7608860416e-01 -4.5224443353e-01 -6.2592845000e-01 -8.3331023500e-01 -1.0470169432e+00 -1.2549156924e+00 -1.4500496799e+00 -1.6275665348e+00 -1.7837141036e+00 -1.9154782273e+00 -2.0204454160e+00 -2.0967520871e+00 -2.1430685332e+00 -2.1585961623e+00 -2.1430685332e+00 -2.0967520871e+00 -2.0204454160e+00 -1.9154782273e+00 -1.7837141036e+00 -1.6275665348e+00 -1.4500496799e+00 -1.2549156924e+00 -1.0470169432e+00 -8.3331023500e-01 -6.2592845000e-01 -4.5224443353e-01 -3.7608860416e-01 -4.5114754020e-01 -6.1963904480e-01 -8.1760995143e-01 -1.0180844315e+00 -1.2092382472e+00 -1.3844189120e+00 -1.5391096274e+00 -1.6699331759e+00 -1.7742889566e+00 -1.8502118464e+00 -1.8963165288e+00
-1.6681843872e+00 -1.6528236243e+00 -1.6070307833e+00 -1.5316804496e+00 -1.4282560257e+00 -1.2989096627e+00 -1.1466080010e+00 -9.7549796312e-01 -7.9189623651e-01 -6.0727013749e-01 -4.4791025057e-01 -3.7608860416e-01 -4.5114754020e-01 -6.2592845000e-01 -8.3858854695e-01 -1.0616438964e+00 -1.2826949575e+00 -1.4945107953e+00 -1.6919390646e+00 -1.8708905642e+00 -2.0279746050e+00 -2.1603636818e+00 -2.2657468620e+00 -2.3423189609e+00 -2.3887833816e+00 -2.4043585804e+00 -2.3887833816e+00 -2.3423189609e+00 -2.2657468620e+00 -2.1603636818e+00 -2.0279746050e+00 -1.8708905642e+00 -1.6919390646e+00 -1.4945107953e+00 -1.2826949575e+00 -1.0616438964e+00 -8.3858854695e-01 -6.2592845000e-01 -4.5114754020e-01 -3.7608860416e-01 -4.4791025057e-01 -6.0727013749e-01 -7.9189623651e-01 -9.7549796312e-01 -1.1466080010e+00 -1.2989096627e+00 -1.4282560257e+00 -1.5316804496e+00 -1.6070307833e+00 -1.6528236243e+00
-1.4322264815e+00 -1.4170153659e+00 -1.3716970334e+00 -1.2972324477e+00 -1.1952878264e+00 -1.0683831888e+00 -9.2026090571e-01 -7.5686673637e-01 -5.8924814873e-01 -4.4269218918e-01 -3.7608860416e-01 -4.4791025057e-01 -6.1963904480e-01 -8.3331023500e-01 -1.0616438964e+00 -1.2920165182e+00 -1.5169525258e+00 -1.7310363231e+00 -1.9298820648e+00 -2.1097628403e+00 -2.2674749476e+00 -2.4002940426e+00 -2.5059688316e+00 -2.5827294221e+00 -2.6292997920e+00 -2.6449091864e+00 -2.6292997920e+00 -2.5827294221e+00 -2.5059688316e+00 -2.4002940426e+00 -2.2674749476e+00 -2.1097628403e+00 -1.9298820648e+00 -1.7310363231e+00 -1.5169525258e+00 -1.2920165182e+00 -1.0616438964e+00 -8.3331023500e-01 -6.1963904480e-01 -4.4791025057e-01 -3.7608860416e-01 -4.4269218918e-01 -5.8924814873e-01 -7.5686673637e-01 -9.2026090571e-01 -1.0683831888e+00 -1.1952878264e+00 -1.2972324477e+00 -1.3716970334e+00 -1.4170153659e+00
-1.2084536922e+00 -1.1934763607e+00 -1.1489067854e+00 -1.0758695672e+00 -9.7639251803e-01 -8.5377232656e-01 -7.1353887889e-01 -5.6623012217e-01 -4.3575732950e-01 -3.7608860416e-01 -4.4269218918e-01 -6.0727013749e-01 -8.1760995143e-01 -1.0470169432e+00 -1.2826949575e+00 -1.5169525258e+00 -1.7441475626e+00 -1.9596396865e+00 -2.1594090645e+00 -2.3399174481e+00 -2.4980652732e+00 -2.6311887329e+00 -2.7370729806e+00 -2.8139703687e+00 -2.8606181392e+00 -2.8762525952e+00 -2.8606181392e+00 -2.8139703687e+00 -2.7370729806e+00 -2.6311887329e+00 -2.4980652732e+00 -2.3399174481e+00 -2.1594090645e+00 -1.9596396865e+00 -1.7441475626e+00 -1.5169525258e+00 -1.2826949575e+00 -1.0470169432e+00 -8.1760995143e-01 -6.0727013749e-01 -4.4269218918e-01 -3.7608860416e-01 -4.3575732950e-01 -5.6623012217e-01 -7.1353887889e-01 -8.5377232656e-01 -9.7639251803e-01 -1.0758695672e+00 -1.1489067854e+00 -1.1934763607e+00
-1.0016335134e+00 -9.8703457490e-01 -9.4369217860e-01 -8.7305674160e-01 -7.7791313571e-01 -6.6330549399e-01 -5.3912680135e-01 -4.2746999675e-01 -3.7608860416e-01 -4.3575732950e-01 -5.8924814873e-01 -7.9189623651e-01 -1.0180844315e+00 -1.2549156924e+00 -1.4945107953e+00 -1.7310363231e+00 -1.9596396865e+00 -2.1760533784e+00 -2.3764495058e+00 -2.5573956441e+00 -2.7158538085e+00 -2.8491975087e+00 -2.9552351084e+00 -3.0322334841e+00 -3.0789386974e+00 -3.0945918010e+00 -3.0789386974e+00 -3.0322334841e+00 -2.9552351084e+00 -2.8491975087e+00 -2.7158538085e+00 -2.5573956441e+00 -2.3764495058e+00 -2.1760533784e+00 -1.9596396865e+00 -1.7310363231e+00 -1.4945107953e+00 -1.2549156924e+00 -1.0180844315e+00 -7.9189623651e-01 -5.8924814873e-01 -4.3575732950e-01 -3.7608860416e-01 -4.2746999675e-01 -5.3912680135e-01 -6.6330549399e-01 -7.7791313571e-01 -8.7305674160e-01 -9.4369217860e-01 -9.8703457490e-01
-8.1687703543e-01 -8.0291010808e-01 -7.6164836069e-01 -6.9521404342e-01 -6.0803157572e-01 -5.0913581206e-01 -4.1828736644e-01 -3.7608860416e-01 -4.2746999675e-01 -5.6623012217e-01 -7.5686673637e-01 -9.7549796312e-01 -1.2092382472e+00 -1.4500496799e+00 -1.6919390646e+00 -1.9298820648e+00 -2.1594090645e+00 -2.3764495058e+00 -2.5772838651e+00 -2.7585426905e+00 -2.9172262032e+00 -3.0507318468e+00 -3.1568832670e+00 -3.2339570982e+00 -3.2807054151e+00 -3.2963725407e+00 -3.2807054151e+00 -3.2339570982e+00 -3.1568832670e+00 -3.0507318468e+00 -2.9172262032e+00 -2.7585426905e+00 -2.5772838651e+00 -2.3764495058e+00 -2.1594090645e+00 -1.9298820648e+00 -1.6919390646e+00 -1.4500496799e+00 -1.2092382472e+00 -9.7549796312e-01 -7.5686673637e-01 -5.6623012217e-01 -4.2746999675e-01 -3.7608860416e-01 -4.1828736644e-01 -5.0913581206e-01 -6.0803157572e-01 -6.9521404342e-01 -7.6164836069e-01 -8.0291010808e-01
-6.5975348265e-01 -6.4685861129e-01 -6.0918235138e-01 -5.5021615958e-01 -4.7778305242e-01 -4.0874637905e-01 -3.7608860416e-01 -4.1828736644e-01 -5.3912680135e-01 -7.1353887889e-01 -9.2026090571e-01 -1.1466080010e+00 -1.3844189120e+00 -1.6275665348e+00 -1.8708905642e+00 -2.1097628403e+00 -2.3399174481e+00 -2.5573956441e+00 -2.7585426905e+00 -2.9400283663e+00 -3.0988774951e+00 -3.2325033471e+00 -3.3387398883e+00 -3.4158704509e+00 -3.4626512871e+00 -3.4783290093e+00 -3.4626512871e+00 -3.4158704509e+00 -3.3387398883e+00 -3.2325033471e+00 -3.0988774951e+00 -2.9400283663e+00 -2.7585426905e+00 -2.5573956441e+00 -2.3399174481e+00 -2.1097628403e+00 -1.8708905642e+00 -1.6275665348e+00 -1.3844189120e+00 -1.1466080010e+00 -9.2026090571e-01 -7.1353887889e-01 -5.3912680135e-01 -4.1828736644e-01 -3.7608860416e-01 -4.0874637905e-01 -4.7778305242e-01 -5.5021615958e-01 -6.0918235138e-01 -6.4685861129e-01
-5.3604166996e-01 -5.2492067908e-01 -4.9324241958e-01 -4.4696091254e-01 -3.9944241809e-01 -3.7608860416e-01 -4.0874637905e-01 -5.0913581206e-01 -6.6330549399e-01 -8.5377232656e-01 -1.0683831888e+00 -1.2989096627e+00 -1.5391096274e+00 -1.7837141036e+00 -2.0279746050e+00 -2.2674749476e+00 -2.4980652732e+00 -2.7158538085e+00 -2.9172262032e+00 -3.0988774951e+00 -3.2578487677e+00 -3.3915639738e+00 -3.4978641635e+00 -3.5750373270e+00 -3.6218426497e+00 -3.6375283617e+00 -3.6218426497e+00 -3.5750373270e+00 -3.4978641635e+00 -3.3915639738e+00 -3.2578487677e+00 -3.0988774951e+00 -2.9172262032e+00 -2.7158538085e+00 -2.4980652732e+00 -2.2674749476e+00 -2.0279746050e+00 -1.7837141036e+00 -1.5391096274e+00 -1.2989096627e+00 -1.0683831888e+00 -8.5377232656e-01 -6.6330549399e-01 -5.0913581206e-01 -4.0874637905e-01 -3.7608860416e-01 -3.9944241809e-01 -4.4696091254e-01 -4.9324241958e-01 -5.2492067908e-01
-4.5015862514e-01 -4.4168838488e-01 -4.1893010637e-01 -3.9099708276e-01 -3.7608860416e-01 -3.9944241809e-01 -4.7778305242e-01 -6.0803157572e-01 -7.7791313571e-01 -9.7639251803e-01 -1.1952878264e+00 -1.4282560257e+00 -1.6699331759e+00 -1.9154782273e+00 -2.1603636818e+00 -2.4002940426e+00 -2.6311887329e+00 -2.8491975087e+00 -3.0507318468e+00 -3.2325033471e+00 -3.3915639738e+00 -3.5253449474e+00 -3.6316922016e+00 -3.7088969711e+00 -3.7557204996e+00 -3.7714121584e+00 -3.7557204996e+00 -3.7088969711e+00 -3.6316922016e+00 -3.5253449474e+00 -3.3915639738e+00 -3.2325033471e+00 -3.0507318468e+00 -2.8491975087e+00 -2.6311887329e+00 -2.4002940426e+00 -2.1603636818e+00 -1.9154782273e+00 -1.6699331759e+00 -1.4282560257e+00 -1.1952878264e+00 -9.7639251803e-01 -7.7791313571e-01 -6.0803157572e-01 -4.7778305242e-01 -3.9944241809e-01 -3.7608860416e-01 -3.9099708276e-01 -4.1893010637e-01 -4.4168838488e-01
-4.0145735255e-01 -3.9621566172e-01 -3.8401363303e-01 -3.7608860416e-01 -3.9099708276e-01 -4.4696091254e-01 -5.5021615958e-01 -6.9521404342e-01 -8.7305674160e-01 -1.0758695672e+00 -1.2972324477e+00 -1.5316804496e+00 -1.7742889566e+00 -2.0204454160e+00 -2.2657468620e+00 -2.5059688316e+00 -2.7370729806e+00 -2.9552351084e+00 -3.1568832670e+00 -3.3387398883e+00 -3.4978641635e+00 -3.6316922016e+00 -3.7380732547e+00 -3.8153007792e+00 -3.8621374367e+00 -3.8778333874e+00 -3.8621374367e+00 -3.8153007792e+00 -3.7380732547e+00 -3.6316922016e+00 -3.4978641635e+00 -3.3387398883e+00 -3.1568832670e+00 -2.9552351084e+00 -2.7370729806e+00 -2.5059688316e+00 -2.2657468620e+00 -2.0204454160e+00 -1.7742889566e+00 -1.5316804496e+00 -1.2972324477e+00 -1.0758695672e+00 -8.7305674160e-01 -6.9521404342e-01 -5.5021615958e-01 -4.4696091254e-01 -3.9099708276e-01 -3.7608860416e-01 -3.8401363303e-01 -3.9621566172e-01
-3.8130133653e-01 -3.7902186179e-01 -3.7608860416e-01 -3.8401363303e-01 -4.1893010637e-01 -4.9324241958e-01 -6.0918235138e-01 -7.6164836069e-01 -9.4369217860e-01 -1.1489067854e+00 -1.3716970334e+00 -1.6070307833e+00 -1.8502118464e+00 -2.0967520871e+00 -2.3423189609e+00 -2.5827294221e+00 -2.8139703687e+00 -3.0322334841e+00 -3.2339570982e+00 -3.4158704509e+00 -3.5750373270e+00 -3.7088969711e+00 -3.8153007792e+00 -3.8925436515e+00 -3.9393891746e+00 -3.9550880252e+00 -3.9393891746e+00 -3.8925436515e+00 -3.8153007792e+00 -3.7088969711e+00 -3.5750373270e+00 -3.4158704509e+00 -3.2339570982e+00 -3.0322334841e+00 -2.8139703687e+00 -2.5827294221e+00 -2.3423189609e+00 -2.0967520871e+00 -1.8502118464e+00 -1.6070307833e+00 -1.3716970334e+00 -1.1489067854e+00 -9.4369217860e-01 -7.6164836069e-01 -6.0918235138e-01 -4.9324241958e-01 -4.1893010637e-01 -3.8401363303e-01 -3.7608860416e-01 -3.7902186179e-01
-3.7641911471e-01 -3.7608860416e-01 -3.7902186179e-01 -3.9621566172e-01 -4.4168838488e-01 -5.2492067908e-01 -6.4685861129e-01 -8.0291010808e-01 -9.8703457490e-01 -1.1934763607e+00 -1.4170153659e+00 -1.6528236243e+00 -1.8963165288e+00 -2.1430685332e+00 -2.3887833816e+00 -2.6292997920e+00 -2.8606181392e+00 -3.0789386974e+00 -3.2807054151e+00 -3.4626512871e+00 -3.6218426497e+00 -3.7557204996e+00 -3.8621374367e+00 -3.9393891746e+00 -3.9862398231e+00 -4.0019403507e+00 -3.9862398231e+00 -3.9393891746e+00 -3.8621374367e+00 -3.7557204996e+00 -3.6218426497e+00 -3.4626512871e+00 -3.2807054151e+00 -3.0789386974e+00 -2.8606181392e+00 -2.6292997920e+00 -2.3887833816e+00 -2.1430685332e+00 -1.8963165288e+00 -1.6528236243e+00 -1.4170153659e+00 -1.1934763607e+00 -9.8703457490e-01 -8.0291010808e-01 -6.4685861129e-01 -5.2492067908e-01 -4.4168838488e-01 -3.9621566172e-01 -3.7902186179e-01 -3.7608860416e-01
-3.7608860416e-01 -3.7641911471e-01 -3.8130133653e-01 -4.0145735255e-01 -4.5015862514e-01 -5.3604166996e-01 -6.5975348265e-01 -8.1687703543e-01 -1.0016335134e+00 -1.2084536922e+00 -1.4322264815e+00 -1.6681843872e+00 -1.9117764198e+00 -2.1585961623e+00 -2.4043585804e+00 -2.6449091864e+00 -2.8762525952e+00 -3.0945918010e+00 -3.2963725407e+00 -3.4783290093e+00 -3.6375283617e+00 -3.7714121584e+00 -3.8778333874e+00 -3.9550880252e+00 -4.0019403507e+00 -4.0176414273e+00 -4.0019403507e+00 -3.9550880252e+00 -3.8778333874e+00 -3.7714121584e+00 -3.6375283617e+00 -3.4783290093e+00 -3.2963725407e+00 -3.0945918010e+00 -2.8762525952e+00 -2.6449091864e+00 -2.4043585804e+00 -2.1585961623e+00 -1.9117764198e+00 -1.6681843872e+00 -1.4322264815e+00 -1.2084536922e+00 -1.0016335134e+00 -8.1687703543e-01 -6.5975348265e-01 -5.3604166996e-01 -4.5015862514e-01 -4.0145735255e-01 -3.8130133653e-01 -3.7641911471e-01
-3.7641911471e-01 -3.7608860416e-01 -3.7902186179e-01 -3.9621566172e-01 -4.4168838488e-01 -5.2492067908e-01 -6.4685861129e-01 -8.0291010808e-01 -9.8703457490e-01 -1.1934763607e+00 -1.4170153659e+00 -1.6528236243e+00 -1.8963165288e+00 -2.1430685332e+00 -2.3887833816e+00 -2.6292997920e+00 -2.8606181392e+00 -3.0789386974e+00 -3.2807054151e+00 -3.4626512871e+00 -3.6218426497e+00 -3.7557204996e+00 -3.8621374367e+00 -3.9393891746e+00 -3.9862398231e+00 -4.0019403507e+00 -3.9862398231e+00 -3.9393891746e+00 -3.8621374367e+00 -3.7557204996e+00 -3.6218426497e+00 -3.4626512871e+00 -3.2807054151e+00 -3.0789386974e+00 -2.8606181392e+00 -2.6292997920e+00 -2.3887833816e+00 -2.1430685332e+00 -1.8963165288e+00 -1.6528236243e+00 -1.4170153659e+00 -1.1934763607e+00 -9.8703457490e-01 -8.0291010808e-01 -6.4685861129e-01 -5.2492067908e-01 -4.4168838488e-01 -3.9621566172e-01 -3.7902186179e-01 -3.7608860416e-01
-3.8130133653e-01 -3.7902186179e-01 -3.7608860416e-01 -3.8401363303e-01 -4.1893010637e-01 -4.9324241958e-01 -6.0918235138e-01 -7.6164836069e-01 -9.4369217860e-01 -1.1489067854e+00 -1.3716970334e+00 -1.6070307833e+00 -1.8502118464e+00 -2.0967520871e+00 -2.3423189609e+00 -2.5827294221e+00 -2.8139703687e+00 -3.0322334841e+00 -3.2339570982e+00 -3.4158704509e+00 -3.5750373270e+00 -3.7088969711e+00 -3.8153007792e+00 -3.8925436515e+00 -3.9393891746e+00 -3.9550880252e+00 -3.9393891746e+00 -3.8925436515e+00 -3.8153007792e+00 -3.7088969711e+00 -3.5750373270e+00 -3.4158704509e+00 -3.2339570982e+00 -3.0322334841e+00 -2.8139703687e+00 -2.5827294221e+00 -2.3423189609e+00 -2.0967520871e+00 -1.8502118464e+00 -1.6070307833e+00 -1.3716970334e+00 -1.1489067854e+00 -9.4369217860e-01 -7.6164836069e-01 -6.0918235138e-01 -4.9324241958e-01 -4.1893010637e-01 -3.8401363303e-01 -3.7608860416e-01 -3.7902186179e-01
-4.0145735255e-01 -3.9621566172e-01 -3.8401363303e-01 -3.7608860416e-01 -3.9099708276e-01 -4.4696091254e-01 -5.5021615958e-01 -6.9521404342e-01 -8.7305674160e-01 -1.0758695672e+00 -1.2972324477e+00 -1.5316804496e+00 -1.7742889566e+00 -2.0204454160e+00 -2.2657468620e+00 -2.5059688316e+00 -2.7370729806e+00 -2.9552351084e+00 -3.1568832670e+00 -3.3387398883e+00 -3.4978641635e+00 -3.6316922016e+00 -3.7380732547e+00 -3.8153007792e+00 -3.8621374367e+00 -3.8778333874e+00 -3.8621374367e+00 -3.8153007792e+00 -3.7380732547e+00 -3.6316922016e+00 -3.4978641635e+00 -3.3387398883e+00 -3.1568832670e+00 -2.9552351084e+00 -2.7370729806e+00 -2.5059688316e+00 -2.2657468620e+00 -2.0204454160e+00 -1.7742889566e+00 -1.5316804496e+00 -1.2972324477e+00 -1.0758695672e+00 -8.7305674160e-01 -6.9521404342e-01 -5.5021615958e-01 -4.4696091254e-01 -3.9099708276e-01 -3.7608860416e-01 -3.8401363303e-01 -3.9621566172e-01
-4.5015862514e-01 -4.4168838488e-01 -4.1893010637e-01 -3.9099708276e-01 -3.7608860416e-01 -3.9944241809e-01 -4.7778305242e-01 -6.0803157572e-01 -7.7791313571e-01 -9.7639251803e-01 -1.1952878264e+00 -1.4282560257e+00 -1.6699331759e+00 -1.9154782273e+00 -2.1603636818e+00 -2.4002940426e+00 -2.6311887329e+00 -2.8491975087e+00 -3.0507318468e+00 -3.2325033471e+00 -3.3915639738e+00 -3.5253449474e+00 -3.6316922016e+00 -3.7088969711e+00 -3.7557204996e+00 -3.7714121584e+00 -3.7557204996e+00 -3.7088969711e+00 -3.6316922016e+00 -3.5253449474e+00 -3.3915639738e+00 -3.2325033471e+00 -3.0507318468e+00 -2.8491975087e+00 -2.6311887329e+00 -2.4002940426e+00 -2.1603636818e+00 -1.9154782273e+00 -1.6699331759e+00 -1.4282560257e+00 -1.1952878264e+00 -9.7639251803e-01 -7.7791313571e-01 -6.0803157572e-01 -4.7778305242e-01 -3.9944241809e-01 -3.7608860416e-01 -3.9099708276e-01 -4.1893010637e-01 -4.4168838488e-01
-5.3604166996e-01 -5.2492067908e-01 -4.9324241958e-01 -4.4696091254e-01 -3.9944241809e-01 -3.7608860416e-01 -4.0874637905e-01 -5.0913581206e-01 -6.6330549399e-01 -8.5377232656e-01 -1.0683831888e+00 -1.2989096627e+00 -1.5391096274e+00 -1.7837141036e+00 -2.0279746050e+00 -2.2674749476e+00 -2.4980652732e+00 -2.7158538085e+00 -2.9172262032e+00 -3.0988774951e+00 -3.2578487677e+00 -3.3915639738e+00 -3.4978641635e+00 -3.5750373270e+00 -3.6218426497e+00 -3.6375283617e+00 -3.6218426497e+00 -3.5750373270e+00 -3.4978641635e+00 -3.3915639738e+00 -3.2578487677e+00 -3.0988774951e+00 -2.9172262032e+00 -2.7158538085e+00 -2.4980652732e+00 -2.2674749476e+00 -2.0279746050e+00 -1.7837141036e+00 -1.5391096274e+00 -1.2989096627e+00 -1.0683831888e+00 -8.5377232656e-01 -6.6330549399e-01 -5.0913581206e-01 -4.0874637905e-01 -3.7608860416e-01 -3.9944241809e-01 -4.4696091254e-01 -4.9324241958e-01 -5.2492067908e-01
-6.5975348265e-01 -6.4685861129e-01 -6.0918235138e-01 -5.5021615958e-01 -4.7778305242e-01 -4.0874637905e-01 -3.7608860416e-01 -4.1828736644e-01 -5.3912680135e-01 -7.1353887889e-01 -9.2026090571e-01 -1.1466080010e+00 -1.3844189120e+00 -1.6275665348e+00 -1.8708905642e+00 -2.1097628403e+00 -2.3399174481e+00 -2.5573956441e+00 -2.7585426905e+00 -2.9400283663e+00 -3.0988774951e+00 -3.2325033471e+00 -3.3387398883e+00 -3.4158704509e+00 -3.4626512871e+00 -3.4783290093e+00 -3.4626512871e+00 -3.4158704509e+00 -3.3387398883e+00 -3.2325033471e+00 -3.0988774951e+00 -2.9400283663e+00 -2.7585426905e+00 -2.5573956441e+00 -2.3399174481e+00 -2.1097628403e+00 -1.8708905642e+00 -1.6275665348e+00 -1.3844189120e+00 -1.1466080010e+00 -9.2026090571e-01 -7.1353887889e-01 -5.3912680135e-01 -4.1828736644e-01 -3.7608860416e-01 -4.0874637905e-01 -4.7778305242e-01 -5.5021615958e-01 -6.0918235138e-01 -6.4685861129e-01
-8.1687703543e-01 -8.0291010808e-01 -7.6164836069e-01 -6.9521404342e-01 -6.0803157572e-01 -5.0913581206e-01 -4.1828736644e-01 -3.7608860416e-01 -4.2746999675e-01 -5.6623012217e-01 -7.5686673637e-01 -9.7549796312e-01 -1.2092382472e+00 -1.4500496799e+00 -1.6919390646e+00 -1.9298820648e+00 -2.1594090645e+00 -2.3764495058e+00 -2.5772838651e+00 -2.7585426905e+00 -2.9172262032e+00 -3.0507318468e+00 -3.1568832670e+00 -3.2339570982e+00 -3.2807054151e+00 -3.2963725407e+00 -3.2807054151e+00 -3.2339570982e+00 -3.1568832670e+00 -3.0507318468e+00 -2.9172262032e+00 -2.7585426905e+00 -2.5772838651e+00 -2.3764495058e+00 -2.1594090645e+00 -1.9298820648e+00 -1.6919390646e+00 -1.4500496799e+00 -1.2092382472e+00 -9.7549796312e-01 -7.5686673637e-01 -5.6623012217e-01 -4.2746999675e-01 -3.7608860416e-01 -4.1828736644e-01 -5.0913581206e-01 -6.0803157572e-01 -6.9521404342e-01 -7.6164836069e-01 -8.0291010808e-01
-1.0016335134e+00 -9.8703457490e-01 -9.4369217860e-01 -8.7305674160e-01 -7.7791313571e-01 -6.6330549399e-01 -5.3912680135e-01 -4.2746999675e-01 -3.7608860416e-01 -4.3575732950e-01 -5.8924814873e-01 -7.9189623651e-01 -1.0180844315e+00 -1.2549156924e+00 -1.4945107953e+00 -1.7310363231e+00 -1.9596396865e+00 -2.1760533784e+00 -2.3764495058e+00 -2.5573956441e+00 -2.7158538085e+00 -2.8491975087e+00 -2.9552351084e+00 -3.0322334841e+00 -3.0789386974e+00 -3.0945918010e+00 -3.0789386974e+00 -3.0322334841e+00 -2.9552351084e+00 -2.8491975087e+00 -2.7158538085e+00 -2.5573956441e+00 -2.3764495058e+00 -2.1760533784e+00 -1.9596396865e+00 -1.7310363231e+00 -1.4945107953e+00 -1.2549156924e+00 -1.0180844315e+00 -7.9189623651e-01 -5.8924814873e-01 -4.3575732950e-01 -3.7608860416e-01 -4.2746999675e-01 -5.3912680135e-01 -6.6330549399e-01 -7.7791313571e-01 -8.7305674160e-01 -9.4369217860e-01 -9.8703457490e-01
-1.2084536922e+00 -1.1934763607e+00 -1.1489067854e+00 -1.0758695672e+00 -9.7639251803e-01 -8.5377232656e-01 -7.1353887889e-01 -5.6623012217e-01 -4.3575732950e-01 -3.7608860416e-01 -4.4269218918e-01 -6.0727013749e-01 -8.1760995143e-01 -1.0470169432e+00 -1.2826949575e+00 -1.5169525258e+00 -1.7441475626e+00 -1.9596396865e+00 -2.1594090645e+00 -2.3399174481e+00 -2.4980652732e+00 -2.6311887329e+00 -2.7370729806e+00 -2.8139703687e+00 -2.8606181392e+00 -2.8762525952e+00 -2.8606181392e+00 -2.8139703687e+00 -2.7370729806e+00 -2.6311887329e+00 -2.4980652732e+00 -2.3399174481e+00 -2.1594090645e+00 -1.9596396865e+00 -1.7441475626e+00 -1.5169525258e+00 -1.2826949575e+00 -1.0470169432e+00 -8.1760995143e-01 -6.0727013749e-01 -4.4269218918e-01 -3.7608860416e-01 -4.3575732950e-01 -5.6623012217e-01 -7.1353887889e-01 -8.5377232656e-01 -9.7639251803e-01 -1.0758695672e+00 -1.1489067854e+00 -1.1934763607e+00
-1.4322264815e+00 -1.4170153659e+00 -1.3716970334e+00 -1.2972324477e+00 -1.1952878264e+00 -1.0683831888e+00 -9.2026090571e-01 -7.5686673637e-01 -5.8924814873e-01 -4.4269218918e-01 -3.7608860416e-01 -4.4791025057e-01 -6.1963904480e-01 -8.3331023500e-01 -1.0616438964e+00 -1.2920165182e+00 -1.5169525258e+00 -1.7310363231e+00 -1.9298820648e+00 -2.1097628403e+00 -2.2674749476e+00 -2.4002940426e+00 -2.5059688316e+00 -2.5827294221e+00 -2.6292997920e+00 -2.6449091864e+00 -2.6292997920e+00 -2.5827294221e+00 -2.5059688316e+00 -2.4002940426e+00 -2.2674749476e+00 -2.1097628403e+00 -1.9298820648e+00 -1.7310363231e+00 -1.5169525258e+00 -1.2920165182e+00 -1.0616438964e+00 -8.3331023500e-01 -6.1963904480e-01 -4.4791025057e-01 -3.7608860416e-01 -4.4269218918e-01 -5.8924814873e-01 -7.5686673637e-01 -9.2026090571e-01 -1.0683831888e+00 -1.1952878264e+00 -1.2972324477e+00 -1.3716970334e+00 -1.4170153659e+00
-1.6681843872e+00 -1.6528236243e+00 -1.6070307833e+00 -1.5316804496e+00 -1.4282560257e+00 -1.2989096627e+00 -1.1466080010e+00 -9.7549796312e-01 -7.9189623651e-01 -6.0727013749e-01 -4.4791025057e-01 -3.7608860416e-01 -4.5114754020e-01 -6.2592845000e-01 -8.3858854695e-01 -1.0616438964e+00 -1.2826949575e+00 -1.4945107953e+00 -1.6919390646e+00 -1.8708905642e+00 -2.0279746050e+00 -2.1603636818e+00 -2.2657468620e+00 -2.3423189609e+00 -2.3887833816e+00 -2.4043585804e+00 -2.3887833816e+00 -2.3423189609e+00 -2.2657468620e+00 -2.1603636818e+00 -2.0279746050e+00 -1.8708905642e+00 -1.6919390646e+00 -1.4945107953e+00 -1.2826949575e+00 -1.0616438964e+00 -8.3858854695e-01 -6.2592845000e-01 -4.5114754020e-01 -3.7608860416e-01 -4.4791025057e-01 -6.0727013749e-01 -7.9189623651e-01 -9.7549796312e-01 -1.1466080010e+00 -1.2989096627e+00 -1.4282560257e+00 -1.5316804496e+00 -1.6070307833e+00 -1.6528236243e+00
-1.9117764198e+00 -1.8963165288e+00 -1.8502118464e+00 -1.7742889566e+00 -1.6699331759e+00 -1.5391096274e+00 -1.3844189120e+00 -1.2092382472e+00 -1.0180844315e+00 -8.1760995143e-01 -6.1963904480e-01 -4.5114754020e-01 -3.7608860416e-01 -4.5224443353e-01 -6.2592845000e-01 -8.3331023500e-01 -1.0470169432e+00 -1.2549156924e+00 -1.4500496799e+00 -1.6275665348e+00 -1.7837141036e+00 -1.9154782273e+00 -2.0204454160e+00 -2.0967520871e+00 -2.1430685332e+00 -2.1585961623e+00 -2.1430685332e+00 -2.0967520871e+00 -2.0204454160e+00 -1.9154782273e+00 -1.7837141036e+00 -1.6275665348e+00 -1.4500496799e+00 -1.2549156924e+00 -1.0470169432e+00 -8.3331023500e-01 -6.2592845000e-01 -4.5224443353e-01 -3.7608860416e-01 -4.5114754020e-01 -6.1963904480e-01 -8.1760995143e-01 -1.0180844315e+00 -1.2092382472e+00 -1.3844189120e+00 -1.5391096274e+00 -1.6699331759e+00 -1.7742889566e+00 -1.8502118464e+00 -1.8963165288e+00
-2.1585961623e+00 -2.1430685332e+00 -2.0967520871e+00 -2.0204454160e+00 -1.9154782273e+00 -1.7837141036e+00 -1.6275665348e+00 -1.4500496799e+00 -1.2549156924e+00 -1.0470169432e+00 -8.3331023500e-01 -6.2592845000e-01 -4.5224443353e-01 -3.7608860416e-01 -4.5114754020e-01 -6.1963904480e-01 -8.1760995143e-01 -1.0180844315e+00 -1.2092382472e+00 -1.3844189120e+00 -1.5391096274e+00 -1.6699331759e+00 -1.7742889566e+00 -1.8502118464e+00 -1.8963165288e+00 -1.9117764198e+00 -1.8963165288e+00 -1.8502118464e+00 -1.7742889566e+00 -1.6699331759e+00 -1.5391096274e+00 -1.3844189120e+00 -1.2092382472e+00 -1.0180844315e+00 -8.1760995143e-01 -6.1963904480e-01 -4.5114754020e-01 -3.7608860416e-01 -4.5224443353e-01 -6.2592845000e-01 -8.3331023500e-01 -1.0470169432e+00 -1.2549156924e+00 -1.4500496799e+00 -1.6275665348e+00 -1.7837141036e+00 -1.9154782273e+00 -2.0204454160e+00 -2.0967520871e+00 -2.1430685332e+00
-2.4043585804e+00 -2.3887833816e+00 -2.3423189609e+00 -2.2657468620e+00 -2.1603636818e+00 -2.0279746050e+00 -1.8708905642e+00 -1.6919390646e+00 -1.4945107953e+00 -1.2826949575e+00 -1.0616438964e+00 -8.3858854695e-01 -6.2592845000e-01 -4.5114754020e-01 -3.7608860416e-01 -4.4791025057e-01 -6.0727013749e-01 -7.9189623651e-01 -9.7549796312e-01 -1.1466080010e+00 -1.2989096627e+00 -1.4282560257e+00 -1.5316804496e+00 -1.6070307833e+00 -1.6528236243e+00 -1.6681843872e+00 -1.6528236243e+00 -1.6070307833e+00 -1.5316804496e+00 -1.4282560257e+00 -1.2989096627e+00 -1.1466080010e+00 -9.7549796312e-01 -7.9189623651e-01 -6.0727013749e-01 -4.4791025057e-01 -3.7608860416e-01 -4.5114754020e-01 -6.2592845000e-01 -8.3858854695e-01 -1.0616438964e+00 -1.2826949575e+00 -1.4945107953e+00 -1.6919390646e+00 -1.8708905642e+00 -2.0279746050e+00 -2.1603636818e+00 -2.2657468620e+00 -2.3423189609e+00 -2.3887833816e+00
-2.6449091864e+00 -2.6292997920e+00 -2.5827294221e+00 -2.5059688316e+00 -2.4002940426e+00 -2.2674749476e+00 -2.1097628403e+00 -1.9298820648e+00 -1.7310363231e+00 -1.5169525258e+00 -1.2920165182e+00 -1.0616438964e+00 -8.3331023500e-01 -6.1963904480e-01 -4.4791025057e-01 -3.7608860416e-01 -4.4269218918e-01 -5.8924814873e-01 -7.5686673637e-01 -9.2026090571e-01 -1.0683831888e+00 -1.1952878264e+00 -1.2972324477e+00 -1.3716970334e+00 -1.4170153659e+00 -1.4322264815e+00 -1.4170153659e+00 -1.3716970334e+00 -1.2972324477e+00 -1.1952878264e+00 -1.0683831888e+00 -9.2026090571e-01 -7.5686673637e-01 -5.8924814873e-01 -4.4269218918e-01 -3.7608860416e-01 -4.4791025057e-01 -6.1963904480e-01 -8.3331023500e-01 -1.0616438964e+00 -1.2920165182e+00 -1.5169525258e+00 -1.7310363231e+00 -1.9298820648e+00 -2.1097628403e+00 -2.2674749476e+00 -2.4002940426e+00 -2.5059688316e+00 -2.5827294221e+00 -2.6292997920e+00
-2.8762525952e+00 -2.8606181392e+00 -2.8139703687e+00 -2.7370729806e+00 -2.6311887329e+00 -2.4980652732e+00 -2.3399174481e+00 -2.1594090645e+00 -1.9596396865e+00 -1.7441475626e+00 -1.5169525258e+00 -1.2826949575e+00 -1.0470169432e+00 -8.1760995143e-01 -6.0727013749e-01 -4.4269218918e-01 -3.7608860416e-01 -4.3575732950e-01 -5.6623012217e-01 -7.1353887889e-01 -8.5377232656e-01 -9.7639251803e-01 -1.0758695672e+00 -1.1489067854e+00 -1.1934763607e+00 -1.2084536922e+00 -1.1934763607e+00 -1.1489067854e+00 -1.0758695672e+00 -9.7639251803e-01 -8.5377232656e-01 -7.1353887889e-01 -5.6623012217e-01 -4.3575732950e-01 -3.7608860416e-01 -4.4269218918e-01 -6.0727013749e-01 -8.1760995143e-01 -1.0470169432e+00 -1.2826949575e+00 -1.5169525258e+00 -1.7441475626e+00 -1.9596396865e+00 -2.1594090645e+00 -2.3399174481e+00 -2.4980652732e+00 -2.6311887329e+00 -2.7370729806e+00 -2.8139703687e+00 -2.8606181392e+00
-3.0945918010e+00 -3.0789386974e+00 -3.0322334841e+00 -2.9552351084e+00 -2.8491975087e+00 -2.7158538085e+00 -2.5573956441e+00 -2.3764495058e+00 -2.1760533784e+00 -1.9596396865e+00 -1.7310363231e+00 -1.4945107953e+00 -1.2549156924e+00 -1.0180844315e+00 -7.9189623651e-01 -5.8924814873e-01 -4.3575732950e-01 -3.7608860416e-01 -4.2746999675e-01 -5.3912680135e-01 -6.6330549399e-01 -7.7791313571e-01 -8.7305674160e-01 -9.4369217860e-01 -9.8703457490e-01 -1.0016335134e+00 -9.8703457490e-01 -9.4369217860e-01 -8.7305674160e-01 -7.7791313571e-01 -6.6330549399e-01 -5.3912680135e-01 -4.2746999675e-01 -3.7608860416e-01 -4.3575732950e-01 -5.8924814873e-01 -7.9189623651e-01 -1.0180844315e+00 -1.2549156924e+00 -1.4945107953e+00 -1.7310363231e+00 -1.9596396865e+00 -2.1760533784e+00 -2.3764495058e+00 -2.5573956441e+00 -2.7158538085e+00 -2.8491975087e+00 -2.9552351084e+00 -3.0322334841e+00 -3.0789386974e+00
-3.2963725407e+00 -3.2807054151e+00 -3.2339570982e+00 -3.1568832670e+00 -3.0507318468e+00 -2.9172262032e+00 -2.7585426905e+00 -2.5772838651e+00 -2.3764495058e+00 -2.1594090645e+00 -1.9298820648e+00 -1.6919390646e+00 -1.4500496799e+00 -1.2092382472e+00 -9.7549796312e-01 -7.5686673637e-01 -5.6623012217e-01 -4.2746999675e-01 -3.7608860416e-01 -4.1828736644e-01 -5.0913581206e-01 -6.0803157572e-01 -6.9521404342e-01 -7.6164836069e-01 -8.0291010808e-01 -8.1687703543e-01 -8.0291010808e-01 -7.6164836069e-01 -6.9521404342e-01 -6.0803157572e-01 -5.0913581206e-01 -4.1828736644e-01 -3.7608860416e-01 -4.2746999675e-01 -5.6623012217e-01 -7.5686673637e-01 -9.7549796312e-01 -1.2092382472e+00 -1.4500496799e+00 -1.6919390646e+00 -1.9298820648e+00 -2.1594090645e+00 -2.3764495058e+00 -2.5772838651e+00 -2.7585426905e+00 -2.9172262032e+00 -3.0507318468e+00 -3.1568832670e+00 -3.2339570982e+00 -3.2807054151e+00
